
3.31507468 0.27841669
3.32508054 0.27966392
3.33494923 0.28173317
3.34461334 0.28461030
3.35400684 0.28827566
3.36306558 0.29270420
3.37172767 0.29786569
3.37993395 0.30372486
3.38762835 0.31024168
3.39475832 0.31737165
3.40127514 0.32506605
3.40713431 0.33327232
3.41229580 0.34193442
3.41672434 0.35099316
3.42038970 0.36038666
3.42326683 0.37005077
3.42533608 0.37991946
3.42658331 0.38992532
3.42700000 0.40000000
3.42658331 0.41007468
3.42533608 0.42008054
3.42326683 0.42994923
3.42038970 0.43961333
3.41672434 0.44900684
3.41229580 0.45806558
3.40713431 0.46672768
3.40127514 0.47493395
3.39475832 0.48262835
3.38762835 0.48975832
3.37993395 0.49627514
3.37172767 0.50213431
3.36306558 0.50729580
3.35400684 0.51172434
3.34461334 0.51538970
3.33494923 0.51826683
3.32508054 0.52033608
3.31507468 0.52158331
3.30500000 0.52200000
3.29492532 0.52158331
3.28491946 0.52033608
3.27505077 0.51826683
3.26538666 0.51538970
3.25599316 0.51172434
3.24693442 0.50729580
3.23827233 0.50213431
3.23006605 0.49627514
3.22237165 0.48975832
3.21524168 0.48262835
3.20872486 0.47493395
3.20286569 0.46672768
3.19770420 0.45806558
3.19327565 0.44900684
3.18961030 0.43961333
3.18673317 0.42994923
3.18466392 0.42008054
3.18341669 0.41007468
3.18300000 0.40000000
3.18341669 0.38992532
3.18466392 0.37991946
3.18673317 0.37005077
3.18961030 0.36038666
3.19327565 0.35099316
3.19770420 0.34193442
3.20286569 0.33327232
3.20872486 0.32506605
3.21524168 0.31737165
3.22237165 0.31024168
3.23006605 0.30372486
3.23827233 0.29786569
3.24693442 0.29270420
3.25599316 0.28827566
3.26538666 0.28461030
3.27505077 0.28173317
3.28491946 0.27966392
3.29492532 0.27841669
3.30500000 0.27800000
3.31507468 0.27841669

-0.08992532 0.27841669
-0.07991946 0.27966392
-0.07005077 0.28173317
-0.06038666 0.28461030
-0.05099316 0.28827566
-0.04193442 0.29270420
-0.03327232 0.29786569
-0.02506605 0.30372486
-0.01737165 0.31024168
-0.01024168 0.31737165
-0.00372486 0.32506605
0.00213431 0.33327232
0.00729580 0.34193442
0.01172434 0.35099316
0.01538970 0.36038666
0.01826683 0.37005077
0.02033608 0.37991946
0.02158331 0.38992532
0.02200000 0.40000000
0.02158331 0.41007468
0.02033608 0.42008054
0.01826683 0.42994923
0.01538970 0.43961333
0.01172434 0.44900684
0.00729580 0.45806558
0.00213431 0.46672768
-0.00372486 0.47493395
-0.01024168 0.48262835
-0.01737165 0.48975832
-0.02506605 0.49627514
-0.03327232 0.50213431
-0.04193442 0.50729580
-0.05099316 0.51172434
-0.06038666 0.51538970
-0.07005077 0.51826683
-0.07991946 0.52033608
-0.08992532 0.52158331
-0.10000000 0.52200000
-0.11007468 0.52158331
-0.12008054 0.52033608
-0.12994923 0.51826683
-0.13961334 0.51538970
-0.14900684 0.51172434
-0.15806558 0.50729580
-0.16672767 0.50213431
-0.17493395 0.49627514
-0.18262835 0.48975832
-0.18975832 0.48262835
-0.19627514 0.47493395
-0.20213431 0.46672768
-0.20729580 0.45806558
-0.21172435 0.44900684
-0.21538970 0.43961333
-0.21826683 0.42994923
-0.22033608 0.42008054
-0.22158331 0.41007468
-0.22200000 0.40000000
-0.22158331 0.38992532
-0.22033608 0.37991946
-0.21826683 0.37005077
-0.21538970 0.36038666
-0.21172435 0.35099316
-0.20729580 0.34193442
-0.20213431 0.33327232
-0.19627514 0.32506605
-0.18975832 0.31737165
-0.18262835 0.31024168
-0.17493395 0.30372486
-0.16672767 0.29786569
-0.15806558 0.29270420
-0.14900684 0.28827566
-0.13961334 0.28461030
-0.12994923 0.28173317
-0.12008054 0.27966392
-0.11007468 0.27841669
-0.10000000 0.27800000
-0.08992532 0.27841669

2.67207107 -2.69292893
2.62207107 -2.64292893
2.61500000 -2.64000000
2.60810000 -2.64000000
2.60810000 -2.63240000
2.55154213 -2.63240000
2.46414213 -2.54500000
2.56207107 -2.44707107
2.56500000 -2.44000000
2.56500000 -1.85000000
2.56207107 -1.84292893
2.51207107 -1.79292893
2.50500000 -1.79000000
2.35000000 -1.79000000
2.34292893 -1.79292893
2.25585786 -1.88000000
2.19810000 -1.88000000
2.19810000 -1.87240000
2.13910000 -1.87240000
2.13910000 -1.88000000
1.21914214 -1.88000000
1.18000000 -1.84085787
1.18000000 -1.83000000
1.17707107 -1.82292893
1.09207107 -1.73792893
1.08735000 -1.73597340
1.08735000 -1.70955000
1.06500000 -1.70955000
1.06500000 -1.67000000
1.06207107 -1.66292893
0.83414213 -1.43500000
1.10207107 -1.16707107
1.10500000 -1.16000000
1.10500000 -1.10500000
1.38500000 -1.10500000
1.39207107 -1.10207107
1.69414213 -0.80000000
1.81765000 -0.80000000
1.81765000 -0.82545000
1.84000000 -0.82545000
1.84000000 -0.83500000
1.84292893 -0.84207107
1.96792893 -0.96707107
1.97500000 -0.97000000
2.22000000 -0.97000000
2.22000000 -1.01000000
2.22292893 -1.01707107
2.29792893 -1.09207107
2.30500000 -1.09500000
2.33765000 -1.09500000
2.33765000 -1.12045000
2.40055000 -1.12045000
2.40055000 -1.04955000
2.33765000 -1.04955000
2.33765000 -1.07500000
2.30914213 -1.07500000
2.24000000 -1.00585787
2.24000000 -0.86914213
2.28414213 -0.82500000
2.29410000 -0.82500000
2.29410000 -0.83280000
2.35310000 -0.83280000
2.35310000 -0.79740000
2.29410000 -0.79740000
2.29410000 -0.80500000
2.28000000 -0.80500000
2.27292893 -0.80792893
2.22292893 -0.85792893
2.22000000 -0.86500000
2.22000000 -0.95000000
1.97914214 -0.95000000
1.86000000 -0.83085787
1.86000000 -0.82545000
1.88055000 -0.82545000
1.88055000 -0.75455000
1.81765000 -0.75455000
1.81765000 -0.78000000
1.68914213 -0.78000000
1.64000000 -0.73085787
1.64000000 -0.56414213
1.66414213 -0.54000000
1.77410000 -0.54000000
1.77410000 -0.54780000
1.83310000 -0.54780000
1.83310000 -0.51240000
1.77410000 -0.51240000
1.77410000 -0.52000000
1.66000000 -0.52000000
1.65292893 -0.52292893
1.62292893 -0.55292893
1.62000000 -0.56000000
1.62000000 -0.73500000
1.62292893 -0.74207107
1.67335787 -0.79250000
1.46585787 -1.00000000
1.36590000 -1.00000000
1.36590000 -0.99220000
1.33134213 -0.99220000
1.27500000 -0.93585787
1.27500000 -0.82914213
1.29207107 -0.81207107
1.29500000 -0.80500000
1.29500000 -0.77545000
1.31735000 -0.77545000
1.31735000 -0.70455000
1.25445000 -0.70455000
1.25445000 -0.77545000
1.27500000 -0.77545000
1.27500000 -0.80085787
1.25792893 -0.81792893
1.25500000 -0.82500000
1.25500000 -0.94000000
1.25792893 -0.94707107
1.30690000 -0.99604213
1.30690000 -1.02760000
1.36590000 -1.02760000
1.36590000 -1.02000000
1.44585787 -1.02000000
1.38085787 -1.08500000
1.09914213 -1.08500000
0.98000000 -0.96585787
0.98000000 -0.77500000
0.97707107 -0.76792893
0.84674213 -0.63760000
0.85590000 -0.63760000
0.85590000 -0.60220000
0.80134213 -0.60220000
0.77500000 -0.57585787
0.77500000 -0.38545000
0.81235000 -0.38545000
0.81235000 -0.31455000
0.74945000 -0.31455000
0.74945000 -0.38545000
0.75500000 -0.38545000
0.75500000 -0.58000000
0.75792893 -0.58707107
0.79690000 -0.62604213
0.79690000 -0.63760000
0.81845786 -0.63760000
0.96000000 -0.77914213
0.96000000 -0.97000000
0.96292893 -0.97707107
1.08500000 -1.09914213
1.08500000 -1.15585786
0.81585787 -1.42500000
0.68590000 -1.42500000
0.68590000 -1.41720000
0.65134213 -1.41720000
0.60500000 -1.37085787
0.60500000 -1.24414213
0.61707107 -1.23207107
0.62000000 -1.22500000
0.62000000 -1.19045000
0.64235000 -1.19045000
0.64235000 -1.11955000
0.57945000 -1.11955000
0.57945000 -1.19045000
0.60000000 -1.19045000
0.60000000 -1.22085787
0.58792893 -1.23292893
0.58500000 -1.24000000
0.58500000 -1.37500000
0.58792893 -1.38207107
0.62690000 -1.42104213
0.62690000 -1.45260000
0.68590000 -1.45260000
0.68590000 -1.44500000
0.81585787 -1.44500000
1.04500000 -1.67414213
1.04500000 -1.70955000
1.02445000 -1.70955000
1.02445000 -1.78045000
1.08735000 -1.78045000
1.08735000 -1.76149213
1.16000000 -1.83414213
1.16000000 -1.97085787
1.12865787 -2.00220000
1.07190000 -2.00220000
1.07190000 -2.03760000
1.13090000 -2.03760000
1.13090000 -2.02755614
1.13207107 -2.02707107
1.17707107 -1.98207107
1.18000000 -1.97500000
1.18000000 -1.86914213
1.20792893 -1.89707107
1.21500000 -1.90000000
2.13910000 -1.90000000
2.13910000 -1.90780000
2.18365787 -1.90780000
2.23000000 -1.95414213
2.23000000 -2.12585786
2.22630786 -2.12955000
2.17765000 -2.12955000
2.17765000 -2.20045000
2.24055000 -2.20045000
2.24055000 -2.14359213
2.24707107 -2.13707107
2.25000000 -2.13000000
2.25000000 -1.95000000
2.24707107 -1.94292893
2.20414214 -1.90000000
2.26000000 -1.90000000
2.26707107 -1.89707107
2.35414213 -1.81000000
2.50085787 -1.81000000
2.54500000 -1.85414213
2.54500000 -2.43585787
2.29292893 -2.68792893
2.29000000 -2.69500000
2.29000000 -2.95585787
2.16365787 -3.08220000
2.13190000 -3.08220000
2.13190000 -3.09000000
2.12914213 -3.09000000
2.09000000 -3.05085786
2.09000000 -2.87914213
2.09369213 -2.87545000
2.14735000 -2.87545000
2.14735000 -2.80455000
2.08445000 -2.80455000
2.08445000 -2.85640787
2.07292893 -2.86792893
2.07000000 -2.87500000
2.07000000 -3.05500000
2.07292893 -3.06207107
2.11792893 -3.10707107
2.12500000 -3.11000000
2.13190000 -3.11000000
2.13190000 -3.11760000
2.15000000 -3.11760000
2.15000000 -3.12585787
1.97585787 -3.30000000
1.52090000 -3.30000000
1.52090000 -3.29220000
1.47134213 -3.29220000
1.42500000 -3.24585787
1.42500000 -3.08545000
1.48235000 -3.08545000
1.48235000 -3.01455000
1.41945000 -3.01455000
1.41945000 -3.06140787
1.40792893 -3.07292893
1.40500000 -3.08000000
1.40500000 -3.25000000
1.40792893 -3.25707107
1.45085787 -3.30000000
1.44500000 -3.30000000
1.43792893 -3.30292893
1.35585787 -3.38500000
1.27914213 -3.38500000
1.01000000 -3.11585787
1.01000000 -3.03260000
1.03090000 -3.03260000
1.03090000 -2.99720000
0.99634213 -2.99720000
0.92500000 -2.92585787
0.92500000 -2.84414213
0.96207107 -2.80707107
0.96500000 -2.80000000
0.96500000 -2.78045000
0.98735000 -2.78045000
0.98735000 -2.70955000
0.92445000 -2.70955000
0.92445000 -2.78045000
0.94500000 -2.78045000
0.94500000 -2.79585786
0.90792893 -2.83292893
0.90500000 -2.84000000
0.90500000 -2.93000000
0.90792893 -2.93707107
0.97190000 -3.00104213
0.97190000 -3.03260000
0.99000000 -3.03260000
0.99000000 -3.11585787
0.94585787 -3.16000000
0.80914213 -3.16000000
0.44090000 -2.79175787
0.44090000 -2.76720000
0.38634213 -2.76720000
0.33500000 -2.71585787
0.33500000 -2.56414213
0.33869213 -2.56045000
0.39735000 -2.56045000
0.39735000 -2.48955000
0.33445000 -2.48955000
0.33445000 -2.53640787
0.31792893 -2.55292893
0.31500000 -2.56000000
0.31500000 -2.72000000
0.31792893 -2.72707107
0.38190000 -2.79104213
0.38190000 -2.80260000
0.42345787 -2.80260000
0.79792893 -3.17707107
0.80500000 -3.18000000
0.95000000 -3.18000000
0.95707107 -3.17707107
1.00000000 -3.13414213
1.26792893 -3.40207107
1.27500000 -3.40500000
1.36000000 -3.40500000
1.36707107 -3.40207107
1.44914213 -3.32000000
1.46190000 -3.32000000
1.46190000 -3.32760000
1.52090000 -3.32760000
1.52090000 -3.32000000
2.08585786 -3.32000000
2.33792893 -3.57207107
2.34500000 -3.57500000
2.40410000 -3.57500000
2.40410000 -3.58280000
2.46310000 -3.58280000
2.46310000 -3.57724213
2.51500000 -3.62914213
2.51500000 -3.78085787
2.50130787 -3.79455000
2.44765000 -3.79455000
2.44765000 -3.86545000
2.51055000 -3.86545000
2.51055000 -3.81359213
2.53207107 -3.79207107
2.53500000 -3.78500000
2.53500000 -3.62500000
2.53207107 -3.61792893
2.47207107 -3.55792893
2.46500000 -3.55500000
2.46310000 -3.55500000
2.46310000 -3.54740000
2.40410000 -3.54740000
2.40410000 -3.55500000
2.34914213 -3.55500000
2.09707107 -3.30292893
2.09000000 -3.30000000
2.00414213 -3.30000000
2.16707107 -3.13707107
2.17000000 -3.13000000
2.17000000 -3.11760000
2.19090000 -3.11760000
2.19090000 -3.08324213
2.30707107 -2.96707107
2.31000000 -2.96000000
2.31000000 -2.69914214
2.45000000 -2.55914213
2.54792893 -2.65707107
2.54910000 -2.65755614
2.54910000 -2.66780000
2.60810000 -2.66780000
2.60810000 -2.66000000
2.61085786 -2.66000000
2.65500000 -2.70414213
2.65500000 -2.87085787
2.64630787 -2.87955000
2.59265000 -2.87955000
2.59265000 -2.95045000
2.65555000 -2.95045000
2.65555000 -2.89859213
2.67207107 -2.88207107
2.67500000 -2.87500000
2.67500000 -2.71500000
2.82085787 -2.71500000
2.87500000 -2.76914214
2.87500000 -3.77085786
2.28085787 -4.36500000
1.79414213 -4.36500000
1.81369213 -4.34545000
1.86555000 -4.34545000
1.86555000 -4.29359213
1.88207107 -4.27707107
1.88500000 -4.27000000
1.88500000 -4.11500000
1.88207107 -4.10792893
1.81707107 -4.04292893
1.81310000 -4.04128406
1.81310000 -4.03240000
1.75410000 -4.03240000
1.75410000 -4.06780000
1.81310000 -4.06780000
1.81310000 -4.06724213
1.86500000 -4.11914213
1.86500000 -4.26585787
1.85630787 -4.27455000
1.80265000 -4.27455000
1.80265000 -4.32820787
1.76585787 -4.36500000
0.59414213 -4.36500000
0.57959213 -4.35045000
0.58555000 -4.35045000
0.58555000 -4.27955000
0.52265000 -4.27955000
0.52265000 -4.30500000
0.36414213 -4.30500000
0.32500000 -4.26585787
0.32500000 -4.10414213
0.37414213 -4.05500000
0.47910000 -4.05500000
0.47910000 -4.06280000
0.53810000 -4.06280000
0.53810000 -4.02740000
0.50654213 -4.02740000
0.17459213 -3.69545000
0.17555000 -3.69545000
0.17555000 -3.62455000
0.11265000 -3.62455000
0.11265000 -3.64350787
0.03000000 -3.56085787
0.03000000 -3.46414213
0.08634213 -3.40780000
0.12310000 -3.40780000
0.12310000 -3.37240000
0.10500000 -3.37240000
0.10500000 -2.54500000
0.10207107 -2.53792893
-0.12495612 -2.31090174
-0.12435701 -2.30993414
-0.12250000 -2.30000000
-0.12435701 -2.29006585
-0.12495612 -2.28909826
-0.03792893 -2.20207107
-0.03500000 -2.19500000
-0.03500000 -1.69500000
-0.03792893 -1.68792893
-0.12302884 -1.60282903
-0.12250000 -1.60000000
-0.12435701 -1.59006585
-0.12967725 -1.58147337
-0.13774220 -1.57538301
-0.14746262 -1.57261731
-0.15752573 -1.57354979
-0.16657245 -1.57805453
-0.17338097 -1.58552312
-0.17703176 -1.59494689
-0.17703176 -1.60505311
-0.17338097 -1.61447688
-0.16657245 -1.62194547
-0.15752573 -1.62645021
-0.14746262 -1.62738269
-0.13774220 -1.62461699
-0.13306055 -1.62108158
-0.05500000 -1.69914213
-0.05500000 -2.19085787
-0.13913022 -2.27498808
-0.14746262 -2.27261731
-0.15752573 -2.27354979
-0.16071834 -2.27513953
-0.19000000 -2.24585787
-0.19000000 -2.05414213
-0.16071834 -2.02486048
-0.15752573 -2.02645021
-0.14746262 -2.02738269
-0.13774220 -2.02461699
-0.12967725 -2.01852663
-0.12435701 -2.00993414
-0.12250000 -2.00000000
-0.12435701 -1.99006586
-0.12967725 -1.98147337
-0.13774220 -1.97538301
-0.14012180 -1.97470595
-0.14292893 -1.96792893
-0.24000000 -1.87085787
-0.24000000 -1.70500000
-0.24292893 -1.69792893
-0.26500000 -1.67585787
-0.26500000 -0.73414213
0.19207107 -0.27707107
0.19500000 -0.27000000
0.19500000 -0.20414213
0.71414213 0.31500000
1.26410000 0.31500000
1.26410000 0.30720000
1.28615980 0.30720000
1.28792893 0.30292893
1.35500000 0.23585787
1.35500000 0.10545000
1.30765000 0.10545000
1.30765000 0.03455000
1.33225747 0.03455000
1.33292893 0.03292893
1.34000000 0.03000000
1.34707107 0.03292893
1.34774254 0.03455000
1.37055000 0.03455000
1.37055000 0.08640787
1.37207107 0.08792893
1.37500000 0.09500000
1.37500000 0.24000000
1.37207107 0.24707107
1.31194213 0.30720000
1.32310000 0.30720000
1.32310000 0.32395787
1.39914213 0.40000000
2.43585787 0.40000000
2.48910000 0.34675787
2.48910000 0.31220000
2.53865787 0.31220000
2.58000000 0.27085787
2.58000000 0.09045000
2.52765000 0.09045000
2.52765000 0.01955000
2.59055000 0.01955000
2.59055000 0.07140787
2.59707107 0.07792893
2.60000000 0.08500000
2.60000000 0.27500000
2.59707107 0.28207107
2.54974874 0.32939340
2.55000000 0.33000000
2.54810000 0.33458700
2.54810000 0.34760000
2.51654213 0.34760000
2.46414213 0.40000000
2.89585787 0.40000000
2.99500000 0.30085787
2.99500000 -0.47240000
2.97410000 -0.47240000
2.97410000 -0.50780000
3.01365786 -0.50780000
3.07000000 -0.56414213
3.07000000 -0.71955000
3.02765000 -0.71955000
3.02765000 -0.79045000
3.09055000 -0.79045000
3.09055000 -0.71955000
3.09000000 -0.71955000
3.09000000 -0.56000000
3.08707107 -0.55292893
3.03310000 -0.49895787
3.03310000 -0.47240000
3.01500000 -0.47240000
3.01500000 -0.24414213
3.07500000 -0.30414213
3.07500000 -0.35000000
3.07792893 -0.35707107
3.13792893 -0.41707107
3.14500000 -0.42000000
3.24585787 -0.42000000
3.35500000 -0.52914213
3.35500000 -0.97585787
3.17292893 -1.15792893
3.17000000 -1.16500000
3.17000000 -1.30585787
3.02590000 -1.44995787
3.02590000 -1.44720000
2.98134213 -1.44720000
2.95500000 -1.42085787
2.95500000 -1.23045000
2.99235000 -1.23045000
2.99235000 -1.15955000
2.92945000 -1.15955000
2.92945000 -1.23045000
2.93500000 -1.23045000
2.93500000 -1.42500000
2.93792893 -1.43207107
2.96690000 -1.46104213
2.96690000 -1.48260000
3.02590000 -1.48260000
3.02590000 -1.47462721
3.03207107 -1.47207107
3.16914213 -1.33500000
3.17085787 -1.33500000
3.32515642 -1.48929855
3.32296824 -1.49494689
3.32296824 -1.50505311
3.32661903 -1.51447688
3.33342755 -1.52194547
3.34247427 -1.52645020
3.35253738 -1.52738269
3.36086978 -1.52501192
3.40500000 -1.56914213
3.40500000 -1.69085787
3.34292893 -1.75292893
3.34000000 -1.76000000
3.34000000 -1.77478183
3.33342755 -1.77805453
3.32661903 -1.78552312
3.32296824 -1.79494689
3.32296824 -1.80505311
3.32655256 -1.81430531
3.28792893 -1.85292893
3.28500000 -1.86000000
3.28500000 -1.93000000
3.28792893 -1.93707107
3.30792893 -1.95707107
3.31500000 -1.96000000
3.40085787 -1.96000000
3.43500000 -1.99414213
3.43500000 -2.10085787
3.36086978 -2.17498808
3.35253738 -2.17261731
3.34247427 -2.17354980
3.33342755 -2.17805453
3.32661903 -2.18552312
3.32296824 -2.19494689
3.32296824 -2.20505311
3.32661903 -2.21447688
3.33342755 -2.22194547
3.34247427 -2.22645020
3.35253738 -2.22738269
3.36225780 -2.22461699
3.37032275 -2.21852663
3.37564299 -2.20993415
3.37750000 -2.20000000
3.37564299 -2.19006585
3.37504388 -2.18909826
3.45207107 -2.11207107
3.45500000 -2.10500000
3.45500000 -1.99000000
3.45207107 -1.98292893
3.41207107 -1.94292893
3.40500000 -1.94000000
3.31914213 -1.94000000
3.30500000 -1.92585787
3.30500000 -1.86414214
3.34267347 -1.82646866
3.35253738 -1.82738269
3.36225780 -1.82461699
3.37032275 -1.81852663
3.37564299 -1.80993414
3.37750000 -1.80000000
3.37564299 -1.79006585
3.37032275 -1.78147337
3.36225780 -1.77538301
3.36000000 -1.77474061
3.36000000 -1.76414213
3.42207107 -1.70207107
3.42500000 -1.69500000
3.42500000 -1.56500000
3.42207107 -1.55792893
3.37504388 -1.51090174
3.37564299 -1.50993414
3.37750000 -1.50000000
3.37564299 -1.49006586
3.37032275 -1.48147337
3.36225780 -1.47538301
3.35253738 -1.47261731
3.34247427 -1.47354980
3.33928166 -1.47513952
3.18414213 -1.32000000
3.18707107 -1.31707107
3.19000000 -1.31000000
3.19000000 -1.16914213
3.37207107 -0.98707107
3.37500000 -0.98000000
3.37500000 -0.52500000
3.37207107 -0.51792893
3.25707107 -0.40292893
3.25000000 -0.40000000
3.14914213 -0.40000000
3.09500000 -0.34585786
3.09500000 -0.30000000
3.09207107 -0.29292893
3.01500000 -0.21585787
3.01500000 0.30500000
3.01207107 0.31207107
2.90707107 0.41707107
2.90000000 0.42000000
1.39500000 0.42000000
1.38792893 0.41707107
1.31345787 0.34260000
1.26410000 0.34260000
1.26410000 0.33500000
0.71000000 0.33500000
0.70292893 0.33207107
0.17792893 -0.19292893
0.17500000 -0.20000000
0.17500000 -0.26585787
-0.28207107 -0.72292893
-0.28500000 -0.73000000
-0.28500000 -1.68000000
-0.28207107 -1.68707107
-0.26000000 -1.70914213
-0.26000000 -1.87500000
-0.25707107 -1.88207107
-0.16291086 -1.97623127
-0.16657245 -1.97805453
-0.17338097 -1.98552312
-0.17703176 -1.99494689
-0.17703176 -2.00505311
-0.17484358 -2.01070145
-0.20707107 -2.04292893
-0.21000000 -2.05000000
-0.21000000 -2.25000000
-0.20707107 -2.25707107
-0.17484358 -2.28929855
-0.17703176 -2.29494689
-0.17703176 -2.30505311
-0.17338097 -2.31447688
-0.16657245 -2.32194547
-0.15752573 -2.32645020
-0.14746262 -2.32738269
-0.13913022 -2.32501192
0.08500000 -2.54914213
0.08500000 -3.37240000
0.06410000 -3.37240000
0.06410000 -3.40175787
0.01292893 -3.45292893
0.01000000 -3.46000000
0.01000000 -3.56500000
0.01292893 -3.57207107
0.10792893 -3.66707107
0.11265000 -3.66902660
0.11265000 -3.69545000
0.14630787 -3.69545000
0.47910000 -4.02824214
0.47910000 -4.03500000
0.37000000 -4.03500000
0.36292893 -4.03792893
0.30792893 -4.09292893
0.30500000 -4.10000000
0.30500000 -4.27000000
0.30792893 -4.27707107
0.35292893 -4.32207107
0.36000000 -4.32500000
0.52265000 -4.32500000
0.52265000 -4.35045000
0.55130787 -4.35045000
0.58292893 -4.38207107
0.59000000 -4.38500000
2.28500000 -4.38500000
2.29207107 -4.38207107
2.89207107 -3.78207107
2.89500000 -3.77500000
2.89500000 -2.76500000
2.89207107 -2.75792893
2.83207107 -2.69792893
2.82500000 -2.69500000
2.67292893 -2.69500000
2.67207107 -2.69292893

2.74090000 0.34760000
2.68190000 0.34760000
2.68190000 0.31220000
2.74090000 0.31220000
2.74090000 0.32000000
2.79085787 0.32000000
2.90000000 0.21085787
2.90000000 -0.52500000
2.90292893 -0.53207107
2.97410000 -0.60324213
2.97410000 -0.63760000
3.03310000 -0.63760000
3.03310000 -0.60220000
3.00134213 -0.60220000
2.92000000 -0.52085787
2.92000000 0.21500000
2.91707107 0.22207107
2.80207107 0.33707107
2.79500000 0.34000000
2.74090000 0.34000000
2.74090000 0.34760000

1.51590000 0.34260000
1.45690000 0.34260000
1.45690000 0.30720000
1.51590000 0.30720000
1.51590000 0.31500000
2.00085786 0.31500000
2.12292893 0.19292893
2.13000000 0.19000000
2.48910000 0.19000000
2.48910000 0.18240000
2.54810000 0.18240000
2.54810000 0.21780000
2.48910000 0.21780000
2.48910000 0.21000000
2.13414213 0.21000000
2.01207107 0.33207107
2.00500000 0.33500000
1.51590000 0.33500000
1.51590000 0.34260000

2.59707107 -3.91707107
2.60000000 -3.91000000
2.60000000 -3.86545000
2.62235000 -3.86545000
2.62235000 -3.79455000
2.60000000 -3.79455000
2.60000000 -3.73414213
2.62154213 -3.71260000
2.65590000 -3.71260000
2.65590000 -3.69324213
2.74207107 -3.60707107
2.74500000 -3.60000000
2.74500000 -2.95045000
2.76735000 -2.95045000
2.76735000 -2.87955000
2.74500000 -2.87955000
2.74500000 -2.81914213
2.76654213 -2.79760000
2.80090000 -2.79760000
2.80090000 -2.76220000
2.74190000 -2.76220000
2.74190000 -2.79395787
2.72792893 -2.80792893
2.72500000 -2.81500000
2.72500000 -2.87955000
2.70445000 -2.87955000
2.70445000 -2.95045000
2.72500000 -2.95045000
2.72500000 -3.59585787
2.64365787 -3.67720000
2.59690000 -3.67720000
2.59690000 -3.70895787
2.58292893 -3.72292893
2.58000000 -3.73000000
2.58000000 -3.79455000
2.55945000 -3.79455000
2.55945000 -3.86545000
2.58000000 -3.86545000
2.58000000 -3.90585787
2.31585786 -4.17000000
2.00590000 -4.17000000
2.00590000 -4.16220000
1.98134213 -4.16220000
1.88000000 -4.06085787
1.88000000 -4.02500000
1.87707107 -4.01792893
1.64707107 -3.78792893
1.64000000 -3.78500000
0.71414213 -3.78500000
0.66000000 -3.73085787
0.66000000 -3.64000000
0.65707107 -3.63292893
0.30500000 -3.28085787
0.30500000 -2.75500000
0.30207107 -2.74792893
0.23000000 -2.67585787
0.23000000 -2.67280000
0.24810000 -2.67280000
0.24810000 -2.64104213
0.26707107 -2.62207107
0.27000000 -2.61500000
0.27000000 -2.56045000
0.28555000 -2.56045000
0.28555000 -2.48955000
0.26500000 -2.48955000
0.26500000 -2.29914213
0.44000000 -2.12414213
0.59292893 -2.27707107
0.60000000 -2.28000000
1.83585787 -2.28000000
1.99500000 -2.43914213
1.99500000 -2.80455000
1.97265000 -2.80455000
1.97265000 -2.87545000
2.00000000 -2.87545000
2.00000000 -2.92585787
1.97345787 -2.95240000
1.93910000 -2.95240000
1.93910000 -2.96000000
1.80914213 -2.96000000
1.78207107 -2.93292893
1.77500000 -2.93000000
1.45914213 -2.93000000
1.17207107 -2.64292893
1.16500000 -2.64000000
0.91500000 -2.64000000
0.90792893 -2.64292893
0.84130786 -2.70955000
0.81265000 -2.70955000
0.81265000 -2.78045000
0.83500000 -2.78045000
0.83500000 -2.84585787
0.81345786 -2.86740000
0.77910000 -2.86740000
0.77910000 -2.90280000
0.83810000 -2.90280000
0.83810000 -2.87104213
0.85207107 -2.85707107
0.85500000 -2.85000000
0.85500000 -2.78045000
0.87555000 -2.78045000
0.87555000 -2.70955000
0.86959213 -2.70955000
0.91914213 -2.66000000
1.16085787 -2.66000000
1.43835787 -2.93750000
1.36130787 -3.01455000
1.30765000 -3.01455000
1.30765000 -3.08545000
1.33000000 -3.08545000
1.33000000 -3.13585787
1.30345787 -3.16240000
1.26910000 -3.16240000
1.26910000 -3.19780000
1.32810000 -3.19780000
1.32810000 -3.16604213
1.34707107 -3.14707107
1.35000000 -3.14000000
1.35000000 -3.08545000
1.37055000 -3.08545000
1.37055000 -3.03359213
1.45414213 -2.95000000
1.77085786 -2.95000000
1.79792893 -2.97707107
1.80500000 -2.98000000
1.93910000 -2.98000000
1.93910000 -2.98780000
1.99810000 -2.98780000
1.99810000 -2.95604213
2.01707107 -2.93707107
2.02000000 -2.93000000
2.02000000 -2.87545000
2.03555000 -2.87545000
2.03555000 -2.80455000
2.01500000 -2.80455000
2.01500000 -2.43500000
2.01207107 -2.42792893
1.86414213 -2.28000000
2.26000000 -2.28000000
2.26707107 -2.27707107
2.32707107 -2.21707107
2.33000000 -2.21000000
2.33000000 -2.20045000
2.35235000 -2.20045000
2.35235000 -2.12955000
2.32500000 -2.12955000
2.32500000 -2.06914213
2.35654214 -2.03760000
2.39090000 -2.03760000
2.39090000 -2.00220000
2.33190000 -2.00220000
2.33190000 -2.03395787
2.30792893 -2.05792893
2.30500000 -2.06500000
2.30500000 -2.12955000
2.28945000 -2.12955000
2.28945000 -2.20045000
2.31000000 -2.20045000
2.31000000 -2.20585787
2.25585786 -2.26000000
0.60414213 -2.26000000
0.44707107 -2.10292893
0.44707107 -2.10292893
0.44707106 -2.10292893
0.17000000 -1.82585787
0.17000000 -1.81000000
0.16707107 -1.80292893
-0.12250000 -1.51335786
-0.12250000 -1.47250000
-0.17750000 -1.47250000
-0.17750000 -1.49000000
-0.19500000 -1.49000000
-0.19500000 -1.03914213
0.02207107 -0.82207107
0.02500000 -0.81500000
0.02500000 -0.81414213
0.08207107 -0.75707107
0.08292893 -0.75500000
0.08585787 -0.75500000
0.46765000 -1.13679213
0.46765000 -1.19045000
0.49500000 -1.19045000
0.49500000 -1.26085786
0.46845787 -1.28740000
0.43410000 -1.28740000
0.43410000 -1.32280000
0.45500000 -1.32280000
0.45500000 -1.34500000
0.45792893 -1.35207107
0.58500000 -1.47914214
0.58500000 -1.59500000
0.58792893 -1.60207107
0.87910000 -1.89324213
0.87910000 -1.90780000
0.93810000 -1.90780000
0.93810000 -1.87604214
0.95207107 -1.86207107
0.95500000 -1.85500000
0.95500000 -1.78045000
0.97555000 -1.78045000
0.97555000 -1.70955000
0.91265000 -1.70955000
0.91265000 -1.78045000
0.93500000 -1.78045000
0.93500000 -1.85085787
0.91345787 -1.87240000
0.88654213 -1.87240000
0.60500000 -1.59085787
0.60500000 -1.47500000
0.60207107 -1.46792893
0.47500000 -1.34085787
0.47500000 -1.32280000
0.49310000 -1.32280000
0.49310000 -1.29104213
0.51207107 -1.27207107
0.51500000 -1.26500000
0.51500000 -1.19045000
0.53055000 -1.19045000
0.53055000 -1.11955000
0.47869213 -1.11955000
0.09707107 -0.73792893
0.09000000 -0.73500000
0.08500000 -0.73500000
0.08500000 -0.64414213
0.53500000 -0.19414213
0.65540787 -0.31455000
0.63765000 -0.31455000
0.63765000 -0.38545000
0.66000000 -0.38545000
0.66000000 -0.45085787
0.63845787 -0.47240000
0.60410000 -0.47240000
0.60410000 -0.50780000
0.66310000 -0.50780000
0.66310000 -0.47604213
0.67707107 -0.46207107
0.68000000 -0.45500000
0.68000000 -0.38545000
0.70055000 -0.38545000
0.70055000 -0.31455000
0.67981360 -0.31455000
0.67707107 -0.30792893
0.54914213 -0.18000000
0.70414213 -0.02500000
1.69085786 -0.02500000
1.48292893 -0.23292893
1.48000000 -0.24000000
1.48000000 -0.38085787
1.16792893 -0.69292893
1.16500000 -0.70000000
1.16500000 -0.70455000
1.14265000 -0.70455000
1.14265000 -0.76320787
1.13792893 -0.76792893
1.13500000 -0.77500000
1.13500000 -0.86240000
1.11410000 -0.86240000
1.11410000 -0.89780000
1.17310000 -0.89780000
1.17310000 -0.86240000
1.15500000 -0.86240000
1.15500000 -0.77914213
1.15869213 -0.77545000
1.20555000 -0.77545000
1.20555000 -0.70455000
1.18500000 -0.70455000
1.18500000 -0.70414213
1.49707107 -0.39207107
1.50000000 -0.38500000
1.50000000 -0.24414213
1.71914213 -0.02500000
2.44085787 -0.02500000
2.46292893 -0.04707107
2.47000000 -0.05000000
2.57500000 -0.05000000
2.58207107 -0.04707107
2.64869213 0.01955000
2.66000000 0.01955000
2.66000000 -0.64000000
2.66292893 -0.64707107
2.93585787 -0.92000000
2.85500000 -0.92000000
2.84792893 -0.92292893
2.83585786 -0.93500000
2.54590000 -0.93500000
2.54590000 -0.92720000
2.52134213 -0.92720000
2.42500000 -0.83085787
2.42500000 -0.78000000
2.42207107 -0.77292893
2.30207107 -0.65292893
2.29500000 -0.65000000
2.02590000 -0.65000000
2.02590000 -0.64220000
1.96690000 -0.64220000
1.96690000 -0.67760000
1.98500000 -0.67760000
1.98500000 -0.75085787
1.98130787 -0.75455000
1.92945000 -0.75455000
1.92945000 -0.82545000
1.99235000 -0.82545000
1.99235000 -0.77179213
2.00207107 -0.76207107
2.00500000 -0.75500000
2.00500000 -0.67760000
2.02590000 -0.67760000
2.02590000 -0.67000000
2.29085787 -0.67000000
2.40500000 -0.78414213
2.40500000 -0.83500000
2.40792893 -0.84207107
2.49305786 -0.92720000
2.48690000 -0.92720000
2.48690000 -0.95895787
2.47292893 -0.97292893
2.47000000 -0.98000000
2.47000000 -1.04955000
2.44945000 -1.04955000
2.44945000 -1.12045000
2.51235000 -1.12045000
2.51235000 -1.04955000
2.49000000 -1.04955000
2.49000000 -0.98414213
2.51154213 -0.96260000
2.54590000 -0.96260000
2.54590000 -0.95500000
2.82585787 -0.95500000
2.84000000 -0.96914213
2.84000000 -1.15955000
2.81765000 -1.15955000
2.81765000 -1.23045000
2.84000000 -1.23045000
2.84000000 -1.28585787
2.80845787 -1.31740000
2.77410000 -1.31740000
2.77410000 -1.35280000
2.81865787 -1.35280000
2.88500000 -1.41914213
2.88500000 -1.51000000
2.88792893 -1.51707107
2.92000000 -1.54914213
2.92000000 -1.64500000
2.92292893 -1.65207107
3.27792893 -2.00707107
3.28500000 -2.01000000
3.32250000 -2.01000000
3.32250000 -2.02750000
3.37750000 -2.02750000
3.37750000 -1.97250000
3.32250000 -1.97250000
3.32250000 -1.99000000
3.28914213 -1.99000000
2.94000000 -1.64085787
2.94000000 -1.59500000
3.10085787 -1.59500000
3.11292893 -1.60707107
3.12000000 -1.61000000
3.32250000 -1.61000000
3.32250000 -1.62750000
3.37750000 -1.62750000
3.37750000 -1.57250000
3.32250000 -1.57250000
3.32250000 -1.59000000
3.12414213 -1.59000000
3.11207107 -1.57792893
3.10500000 -1.57500000
2.94000000 -1.57500000
2.94000000 -1.54500000
2.93707107 -1.53792893
2.90500000 -1.50585787
2.90500000 -1.41500000
2.90207107 -1.40792893
2.83310000 -1.33895787
2.83310000 -1.32104213
2.85707107 -1.29707107
2.86000000 -1.29000000
2.86000000 -1.23045000
2.88055000 -1.23045000
2.88055000 -1.15955000
2.86000000 -1.15955000
2.86000000 -0.96500000
2.85707107 -0.95792893
2.84914214 -0.95000000
2.85914213 -0.94000000
2.99500000 -0.94000000
2.99750000 -0.93896447
3.00000000 -0.94000000
3.07500000 -0.94000000
3.08207107 -0.93707107
3.17707107 -0.84207107
3.18000000 -0.83500000
3.18000000 -0.79045000
3.20235000 -0.79045000
3.20235000 -0.71955000
3.18000000 -0.71955000
3.18000000 -0.64914213
3.19154213 -0.63760000
3.22590000 -0.63760000
3.22590000 -0.60220000
3.16690000 -0.60220000
3.16690000 -0.63395787
3.16292893 -0.63792893
3.16000000 -0.64500000
3.16000000 -0.71955000
3.13945000 -0.71955000
3.13945000 -0.79045000
3.16000000 -0.79045000
3.16000000 -0.83085787
3.07085787 -0.92000000
3.00000000 -0.92000000
2.99750000 -0.92103553
2.99500000 -0.92000000
2.96414213 -0.92000000
2.68000000 -0.63585786
2.68000000 0.01955000
2.70235000 0.01955000
2.70235000 0.09045000
2.68000000 0.09045000
2.68000000 0.15585787
2.70654213 0.18240000
2.74090000 0.18240000
2.74090000 0.21780000
2.68190000 0.21780000
2.68190000 0.18604213
2.66292893 0.16707107
2.66000000 0.16000000
2.66000000 0.09045000
2.63945000 0.09045000
2.63945000 0.03859213
2.57085787 -0.03000000
2.47414213 -0.03000000
2.45207107 -0.00792893
2.44500000 -0.00500000
1.38914213 -0.00500000
1.42869213 0.03455000
1.48235000 0.03455000
1.48235000 0.08820787
1.49207107 0.09792893
1.49500000 0.10500000
1.49500000 0.17740000
1.51590000 0.17740000
1.51590000 0.21280000
1.45690000 0.21280000
1.45690000 0.17740000
1.47500000 0.17740000
1.47500000 0.10914213
1.47130787 0.10545000
1.41945000 0.10545000
1.41945000 0.05359213
1.36085787 -0.00500000
0.70000000 -0.00500000
0.69292893 -0.00792893
0.06792893 -0.63292893
0.06500000 -0.64000000
0.06500000 -0.74585787
0.00792893 -0.80292893
0.00500000 -0.81000000
0.00500000 -0.81085787
-0.21207107 -1.02792893
-0.21500000 -1.03500000
-0.21500000 -1.65000000
-0.21207107 -1.65707107
-0.16000000 -1.70914213
-0.16000000 -1.77250000
-0.17750000 -1.77250000
-0.17750000 -1.82750000
-0.12250000 -1.82750000
-0.12250000 -1.77250000
-0.14000000 -1.77250000
-0.14000000 -1.70500000
-0.14292893 -1.69792893
-0.19500000 -1.64585786
-0.19500000 -1.51000000
-0.17750000 -1.51000000
-0.17750000 -1.52750000
-0.13664213 -1.52750000
0.15000000 -1.81414213
0.15000000 -1.83000000
0.15292893 -1.83707107
0.42585787 -2.11000000
0.24792893 -2.28792893
0.24500000 -2.29500000
0.24500000 -2.48955000
0.22265000 -2.48955000
0.22265000 -2.56045000
0.25000000 -2.56045000
0.25000000 -2.61085787
0.22345787 -2.63740000
0.18910000 -2.63740000
0.18910000 -2.67280000
0.21000000 -2.67280000
0.21000000 -2.68000000
0.21292893 -2.68707107
0.28500000 -2.75914213
0.28500000 -3.09585787
0.22292893 -3.15792893
0.22000000 -3.16500000
0.22000000 -3.46500000
0.22292893 -3.47207107
0.25690000 -3.50604213
0.25690000 -3.53395787
0.24292893 -3.54792893
0.24000000 -3.55500000
0.24000000 -3.62455000
0.22445000 -3.62455000
0.22445000 -3.69545000
0.28735000 -3.69545000
0.28735000 -3.62455000
0.26000000 -3.62455000
0.26000000 -3.55914213
0.28154213 -3.53760000
0.31590000 -3.53760000
0.31590000 -3.50220000
0.28134213 -3.50220000
0.24000000 -3.46085787
0.24000000 -3.16914213
0.28500000 -3.12414213
0.28500000 -3.28500000
0.28792893 -3.29207107
0.64000000 -3.64414213
0.64000000 -4.09500000
0.64292893 -4.10207106
0.69000000 -4.14914213
0.69000000 -4.15720000
0.67190000 -4.15720000
0.67190000 -4.18895787
0.65792893 -4.20292893
0.65500000 -4.21000000
0.65500000 -4.27955000
0.63445000 -4.27955000
0.63445000 -4.35045000
0.69735000 -4.35045000
0.69735000 -4.27955000
0.67500000 -4.27955000
0.67500000 -4.21414213
0.69654213 -4.19260000
0.73090000 -4.19260000
0.73090000 -4.15720000
0.71000000 -4.15720000
0.71000000 -4.14500000
0.70707107 -4.13792893
0.66000000 -4.09085786
0.66000000 -3.75914213
0.70292893 -3.80207107
0.71000000 -3.80500000
1.63585786 -3.80500000
1.86000000 -4.02914213
1.86000000 -4.06500000
1.86292893 -4.07207107
1.95305787 -4.16220000
1.94690000 -4.16220000
1.94690000 -4.18395787
1.93792893 -4.19292893
1.93500000 -4.20000000
1.93500000 -4.27455000
1.91445000 -4.27455000
1.91445000 -4.34545000
1.97735000 -4.34545000
1.97735000 -4.27455000
1.95500000 -4.27455000
1.95500000 -4.20414213
1.96154213 -4.19760000
2.00590000 -4.19760000
2.00590000 -4.19000000
2.32000000 -4.19000000
2.32707107 -4.18707106
2.59707107 -3.91707107

-0.12250000 -2.17250000
-0.14000000 -2.17250000
-0.14000000 -2.14914213
-0.08792893 -2.09707107
-0.08500000 -2.09000000
-0.08500000 -1.94000000
-0.08792893 -1.93292893
-0.12287754 -1.89798032
-0.12435701 -1.89006586
-0.12967725 -1.88147337
-0.13774220 -1.87538301
-0.14746262 -1.87261731
-0.15275055 -1.87310731
-0.19500000 -1.83085787
-0.19500000 -1.70500000
-0.19792893 -1.69792893
-0.23000000 -1.66585787
-0.23000000 -1.00414213
0.00707107 -0.76707107
0.01000000 -0.76000000
0.01000000 -0.62414213
0.81914213 0.18500000
1.26410000 0.18500000
1.26410000 0.17740000
1.32310000 0.17740000
1.32310000 0.21280000
1.26410000 0.21280000
1.26410000 0.20500000
0.81500000 0.20500000
0.80792893 0.20207107
-0.00707107 -0.61292893
-0.01000000 -0.62000000
-0.01000000 -0.75585787
-0.24707107 -0.99292893
-0.25000000 -1.00000000
-0.25000000 -1.67000000
-0.24707107 -1.67707107
-0.21500000 -1.70914213
-0.21500000 -1.83500000
-0.21207107 -1.84207107
-0.17111007 -1.88303206
-0.17338097 -1.88552312
-0.17703176 -1.89494689
-0.17703176 -1.90505311
-0.17338097 -1.91447688
-0.16657245 -1.92194547
-0.15752573 -1.92645020
-0.14746262 -1.92738269
-0.13774220 -1.92461699
-0.13021182 -1.91893032
-0.10500000 -1.94414213
-0.10500000 -2.08585786
-0.15707107 -2.13792893
-0.16000000 -2.14500000
-0.16000000 -2.17250000
-0.17750000 -2.17250000
-0.17750000 -2.22750000
-0.12250000 -2.22750000
-0.12250000 -2.17250000

1.64292893 -0.45292893
1.54792893 -0.54792893
1.54500000 -0.55500000
1.54500000 -0.59085787
1.32792893 -0.80792893
1.32500000 -0.81500000
1.32500000 -0.86240000
1.30690000 -0.86240000
1.30690000 -0.89780000
1.36590000 -0.89780000
1.36590000 -0.86240000
1.34500000 -0.86240000
1.34500000 -0.81914213
1.56207107 -0.60207107
1.56500000 -0.59500000
1.56500000 -0.55914213
1.65414213 -0.47000000
1.92085787 -0.47000000
1.96690000 -0.51604213
1.96690000 -0.54780000
2.02590000 -0.54780000
2.02590000 -0.51240000
1.99154213 -0.51240000
1.93207107 -0.45292893
1.92500000 -0.45000000
1.65000000 -0.45000000
1.64292893 -0.45292893

0.85590000 -0.47240000
0.79690000 -0.47240000
0.79690000 -0.50780000
0.85590000 -0.50780000
0.85590000 -0.50000000
0.86085787 -0.50000000
1.01000000 -0.64914213
1.01000000 -0.88500000
1.01292893 -0.89207107
1.11410000 -0.99324213
1.11410000 -1.02760000
1.17310000 -1.02760000
1.17310000 -0.99220000
1.14134213 -0.99220000
1.03000000 -0.88085787
1.03000000 -0.64500000
1.02707107 -0.63792893
0.87207107 -0.48292893
0.86500000 -0.48000000
0.85590000 -0.48000000
0.85590000 -0.47240000

3.02590000 -1.31824213
3.04707107 -1.29707107
3.05000000 -1.29000000
3.05000000 -1.20914213
3.29207107 -0.96707107
3.29500000 -0.96000000
3.29500000 -0.58000000
3.29207107 -0.57292893
3.22590000 -0.50675787
3.22590000 -0.47240000
3.16690000 -0.47240000
3.16690000 -0.50780000
3.19865787 -0.50780000
3.27500000 -0.58414213
3.27500000 -0.95585787
3.03292893 -1.19792893
3.03000000 -1.20500000
3.03000000 -1.28585787
2.99845787 -1.31740000
2.96690000 -1.31740000
2.96690000 -1.35280000
3.02590000 -1.35280000
3.02590000 -1.31824213

0.68590000 -1.28824213
0.73207107 -1.24207107
0.73500000 -1.23500000
0.73500000 -0.94000000
0.73207107 -0.93292893
0.64500000 -0.84585787
0.64500000 -0.63760000
0.66310000 -0.63760000
0.66310000 -0.60220000
0.60410000 -0.60220000
0.60410000 -0.63760000
0.62500000 -0.63760000
0.62500000 -0.85000000
0.62792893 -0.85707107
0.71500000 -0.94414213
0.71500000 -1.23085786
0.65845787 -1.28740000
0.62690000 -1.28740000
0.62690000 -1.32280000
0.68590000 -1.32280000
0.68590000 -1.28824213

1.84292893 -0.60792893
1.80865787 -0.64220000
1.77410000 -0.64220000
1.77410000 -0.67760000
1.83310000 -0.67760000
1.83310000 -0.64604213
1.85414213 -0.62500000
2.35085787 -0.62500000
2.50500000 -0.77914213
2.50500000 -0.79740000
2.48690000 -0.79740000
2.48690000 -0.83280000
2.54590000 -0.83280000
2.54590000 -0.79740000
2.52500000 -0.79740000
2.52500000 -0.77500000
2.52207107 -0.76792893
2.36207107 -0.60792893
2.35500000 -0.60500000
1.85000000 -0.60500000
1.84292893 -0.60792893

2.43207107 -0.97792893
2.39207107 -0.93792893
2.38500000 -0.93500000
2.35310000 -0.93500000
2.35310000 -0.92720000
2.29410000 -0.92720000
2.29410000 -0.96260000
2.35310000 -0.96260000
2.35310000 -0.95500000
2.38085786 -0.95500000
2.41500000 -0.98914213
2.41500000 -1.15500000
2.41792893 -1.16207107
2.72792893 -1.47207107
2.73500000 -1.47500000
2.77410000 -1.47500000
2.77410000 -1.48260000
2.83310000 -1.48260000
2.83310000 -1.44720000
2.77410000 -1.44720000
2.77410000 -1.45500000
2.73914213 -1.45500000
2.43500000 -1.15085787
2.43500000 -0.98500000
2.43207107 -0.97792893

1.04207107 -1.96207107
1.09634213 -1.90780000
1.13090000 -1.90780000
1.13090000 -1.87240000
1.07190000 -1.87240000
1.07190000 -1.90395787
1.03085786 -1.94500000
0.79414213 -1.94500000
0.47500000 -1.62585786
0.47500000 -1.45260000
0.49310000 -1.45260000
0.49310000 -1.41720000
0.43410000 -1.41720000
0.43410000 -1.45260000
0.45500000 -1.45260000
0.45500000 -1.63000000
0.45792893 -1.63707107
0.78292893 -1.96207107
0.79000000 -1.96500000
1.03500000 -1.96500000
1.04207107 -1.96207107

2.39090000 -1.87240000
2.33190000 -1.87240000
2.33190000 -1.90780000
2.39090000 -1.90780000
2.39090000 -1.90000000
2.43585787 -1.90000000
2.48000000 -1.94414213
2.48000000 -2.39585787
2.21292893 -2.66292893
2.21000000 -2.67000000
2.21000000 -2.90585787
2.16345787 -2.95240000
2.13190000 -2.95240000
2.13190000 -2.98780000
2.19090000 -2.98780000
2.19090000 -2.95324213
2.22707107 -2.91707107
2.23000000 -2.91000000
2.23000000 -2.67414213
2.49707107 -2.40707107
2.50000000 -2.40000000
2.50000000 -1.94000000
2.49707107 -1.93292893
2.44707107 -1.88292893
2.44000000 -1.88000000
2.39090000 -1.88000000
2.39090000 -1.87240000

3.33664213 -2.32750000
3.37750000 -2.32750000
3.37750000 -2.31000000
3.40000000 -2.31000000
3.40707107 -2.30707107
3.49707107 -2.21707107
3.50000000 -2.21000000
3.50000000 -1.94000000
3.49707107 -1.93292893
3.45707107 -1.89292893
3.45000000 -1.89000000
3.37560221 -1.89000000
3.37032275 -1.88147337
3.36225780 -1.87538301
3.35253738 -1.87261731
3.34247427 -1.87354979
3.33342755 -1.87805453
3.32661903 -1.88552312
3.32296824 -1.89494689
3.32296824 -1.90505311
3.32661903 -1.91447688
3.33342755 -1.92194547
3.34247427 -1.92645020
3.35253738 -1.92738269
3.36225780 -1.92461699
3.37032275 -1.91852663
3.37560221 -1.91000000
3.44585787 -1.91000000
3.48000000 -1.94414213
3.48000000 -2.20585787
3.39585787 -2.29000000
3.37750000 -2.29000000
3.37750000 -2.27250000
3.32250000 -2.27250000
3.32250000 -2.31335787
2.99585787 -2.64000000
2.80090000 -2.64000000
2.80090000 -2.63240000
2.74190000 -2.63240000
2.74190000 -2.66780000
2.80090000 -2.66780000
2.80090000 -2.66000000
3.00000000 -2.66000000
3.00707107 -2.65707107
3.33664213 -2.32750000

1.62207107 -2.10207107
1.69414214 -2.03000000
2.13910000 -2.03000000
2.13910000 -2.03760000
2.19810000 -2.03760000
2.19810000 -2.00220000
2.13910000 -2.00220000
2.13910000 -2.01000000
1.69000000 -2.01000000
1.68292893 -2.01292893
1.61085787 -2.08500000
0.99414213 -2.08500000
0.93810000 -2.02895787
0.93810000 -2.00220000
0.87910000 -2.00220000
0.87910000 -2.03760000
0.91845787 -2.03760000
0.98292893 -2.10207107
0.99000000 -2.10500000
1.61500000 -2.10500000
1.62207107 -2.10207107

0.83810000 -2.99720000
0.77910000 -2.99720000
0.77910000 -2.99995787
0.44090000 -2.66175786
0.44090000 -2.63740000
0.38190000 -2.63740000
0.38190000 -2.67280000
0.42365787 -2.67280000
0.77292893 -3.02207107
0.77910000 -3.02462721
0.77910000 -3.03260000
0.83810000 -3.03260000
0.83810000 -2.99720000

2.65590000 -3.54740000
2.62154213 -3.54740000
2.49500000 -3.42085786
2.49500000 -2.82414214
2.52914213 -2.79000000
2.54910000 -2.79000000
2.54910000 -2.79760000
2.60810000 -2.79760000
2.60810000 -2.76220000
2.54910000 -2.76220000
2.54910000 -2.77000000
2.52500000 -2.77000000
2.51792893 -2.77292893
2.47792893 -2.81292893
2.47500000 -2.82000000
2.47500000 -3.42500000
2.47792893 -3.43207107
2.59690000 -3.55104213
2.59690000 -3.58280000
2.65590000 -3.58280000
2.65590000 -3.54740000

0.12310000 -3.50220000
0.11694214 -3.50220000
0.19707107 -3.42207107
0.20000000 -3.41500000
0.20000000 -2.81914213
0.21654213 -2.80260000
0.24810000 -2.80260000
0.24810000 -2.76720000
0.18910000 -2.76720000
0.18910000 -2.80175787
0.18292893 -2.80792893
0.18000000 -2.81500000
0.18000000 -3.41085787
0.08865787 -3.50220000
0.06410000 -3.50220000
0.06410000 -3.53760000
0.12310000 -3.53760000
0.12310000 -3.50220000

1.32810000 -3.29220000
1.31000000 -3.29220000
1.31000000 -3.29000000
1.30707107 -3.28292893
1.13000000 -3.10585787
1.13000000 -3.00500000
1.12707107 -2.99792893
1.03090000 -2.90175786
1.03090000 -2.86740000
0.97190000 -2.86740000
0.97190000 -2.90280000
1.00365787 -2.90280000
1.11000000 -3.00914213
1.11000000 -3.11000000
1.11292893 -3.11707107
1.28805787 -3.29220000
1.26910000 -3.29220000
1.26910000 -3.32760000
1.32810000 -3.32760000
1.32810000 -3.29220000

1.96654213 -3.11760000
1.99810000 -3.11760000
1.99810000 -3.08220000
1.93910000 -3.08220000
1.93910000 -3.11675787
1.88585786 -3.17000000
1.52090000 -3.17000000
1.52090000 -3.16240000
1.46190000 -3.16240000
1.46190000 -3.19780000
1.52090000 -3.19780000
1.52090000 -3.19000000
1.89000000 -3.19000000
1.89707107 -3.18707107
1.96654213 -3.11760000

0.53810000 -4.16104213
0.61207107 -4.08707107
0.61500000 -4.08000000
0.61500000 -3.70000000
0.61207107 -3.69292893
0.31590000 -3.39675787
0.31590000 -3.37240000
0.25690000 -3.37240000
0.25690000 -3.40780000
0.29865787 -3.40780000
0.59500000 -3.70414214
0.59500000 -4.07585786
0.51365786 -4.15720000
0.47910000 -4.15720000
0.47910000 -4.19260000
0.53810000 -4.19260000
0.53810000 -4.16104213

2.43154213 -3.71260000
2.46310000 -3.71260000
2.46310000 -3.67720000
2.40410000 -3.67720000
2.40410000 -3.71175787
2.07585787 -4.04000000
2.00590000 -4.04000000
2.00590000 -4.03240000
1.94690000 -4.03240000
1.94690000 -4.06780000
2.00590000 -4.06780000
2.00590000 -4.06000000
2.08000000 -4.06000000
2.08707107 -4.05707107
2.43154213 -3.71260000

0.73090000 -4.02740000
0.67190000 -4.02740000
0.67190000 -4.06280000
0.73090000 -4.06280000
0.73090000 -4.05500000
1.64585786 -4.05500000
1.75410000 -4.16324213
1.75410000 -4.19760000
1.81310000 -4.19760000
1.81310000 -4.16220000
1.78134214 -4.16220000
1.65707107 -4.03792893
1.65000000 -4.03500000
0.73090000 -4.03500000
0.73090000 -4.02740000

-0.08992532 -4.32158331
-0.07991946 -4.32033608
-0.07005077 -4.31826683
-0.06038666 -4.31538970
-0.05099316 -4.31172435
-0.04193442 -4.30729580
-0.03327232 -4.30213431
-0.02506605 -4.29627514
-0.01737165 -4.28975832
-0.01024168 -4.28262835
-0.00372486 -4.27493395
0.00213431 -4.26672768
0.00729580 -4.25806558
0.01172434 -4.24900684
0.01538970 -4.23961333
0.01826683 -4.22994923
0.02033608 -4.22008054
0.02158331 -4.21007468
0.02200000 -4.20000000
0.02158331 -4.18992532
0.02033608 -4.17991946
0.01826683 -4.17005077
0.01538970 -4.16038666
0.01172434 -4.15099316
0.00729580 -4.14193442
0.00213431 -4.13327233
-0.00372486 -4.12506605
-0.01024168 -4.11737165
-0.01737165 -4.11024168
-0.02506605 -4.10372486
-0.03327232 -4.09786569
-0.04193442 -4.09270420
-0.05099316 -4.08827566
-0.06038666 -4.08461030
-0.07005077 -4.08173317
-0.07991946 -4.07966392
-0.08992532 -4.07841669
-0.10000000 -4.07800000
-0.11007468 -4.07841669
-0.12008054 -4.07966392
-0.12994923 -4.08173317
-0.13961334 -4.08461030
-0.14900684 -4.08827566
-0.15806558 -4.09270420
-0.16672767 -4.09786569
-0.17493395 -4.10372486
-0.18262835 -4.11024168
-0.18975832 -4.11737165
-0.19627514 -4.12506605
-0.20213431 -4.13327233
-0.20729580 -4.14193442
-0.21172435 -4.15099316
-0.21538970 -4.16038666
-0.21826683 -4.17005077
-0.22033608 -4.17991946
-0.22158331 -4.18992532
-0.22200000 -4.20000000
-0.22158331 -4.21007468
-0.22033608 -4.22008054
-0.21826683 -4.22994923
-0.21538970 -4.23961333
-0.21172435 -4.24900684
-0.20729580 -4.25806558
-0.20213431 -4.26672768
-0.19627514 -4.27493395
-0.18975832 -4.28262835
-0.18262835 -4.28975832
-0.17493395 -4.29627514
-0.16672767 -4.30213431
-0.15806558 -4.30729580
-0.14900684 -4.31172435
-0.13961334 -4.31538970
-0.12994923 -4.31826683
-0.12008054 -4.32033608
-0.11007468 -4.32158331
-0.10000000 -4.32200000
-0.08992532 -4.32158331

3.31007468 -4.32658331
3.32008054 -4.32533608
3.32994923 -4.32326683
3.33961333 -4.32038970
3.34900684 -4.31672434
3.35806558 -4.31229580
3.36672767 -4.30713431
3.37493395 -4.30127514
3.38262835 -4.29475832
3.38975832 -4.28762835
3.39627514 -4.27993395
3.40213431 -4.27172768
3.40729580 -4.26306558
3.41172434 -4.25400684
3.41538970 -4.24461334
3.41826683 -4.23494923
3.42033608 -4.22508054
3.42158331 -4.21507468
3.42200000 -4.20500000
3.42158331 -4.19492532
3.42033608 -4.18491946
3.41826683 -4.17505077
3.41538970 -4.16538666
3.41172434 -4.15599316
3.40729580 -4.14693442
3.40213431 -4.13827232
3.39627514 -4.13006605
3.38975832 -4.12237165
3.38262835 -4.11524168
3.37493395 -4.10872486
3.36672767 -4.10286569
3.35806558 -4.09770420
3.34900684 -4.09327566
3.33961333 -4.08961030
3.32994923 -4.08673317
3.32008054 -4.08466392
3.31007468 -4.08341669
3.30000000 -4.08300000
3.28992532 -4.08341669
3.27991946 -4.08466392
3.27005077 -4.08673317
3.26038666 -4.08961030
3.25099316 -4.09327566
3.24193442 -4.09770420
3.23327232 -4.10286569
3.22506605 -4.10872486
3.21737165 -4.11524168
3.21024168 -4.12237165
3.20372486 -4.13006605
3.19786569 -4.13827232
3.19270420 -4.14693442
3.18827565 -4.15599316
3.18461030 -4.16538666
3.18173317 -4.17505077
3.17966392 -4.18491946
3.17841669 -4.19492532
3.17800000 -4.20500000
3.17841669 -4.21507468
3.17966392 -4.22508054
3.18173317 -4.23494923
3.18461030 -4.24461334
3.18827565 -4.25400684
3.19270420 -4.26306558
3.19786569 -4.27172768
3.20372486 -4.27993395
3.21024168 -4.28762835
3.21737165 -4.29475832
3.22506605 -4.30127514
3.23327232 -4.30713431
3.24193442 -4.31229580
3.25099316 -4.31672434
3.26038666 -4.32038970
3.27005077 -4.32326683
3.27991946 -4.32533608
3.28992532 -4.32658331
3.30000000 -4.32700000
3.31007468 -4.32658331
