
-22.5000 -25.0000
-22.5197 -24.6867
-22.5785 -24.3783
-22.6756 -24.0797
-22.8092 -23.7956
-22.9775 -23.5305
-23.1776 -23.2886
-23.4064 -23.0737
-23.6604 -22.8892
-23.9356 -22.7379
-24.2275 -22.6224
-24.5315 -22.5443
-24.8430 -22.5049
-25.1570 -22.5049
-25.4685 -22.5443
-25.7725 -22.6224
-26.0644 -22.7379
-26.3396 -22.8892
-26.5936 -23.0737
-26.8224 -23.2886
-27.0225 -23.5305
-27.1908 -23.7956
-27.3244 -24.0797
-27.4215 -24.3783
-27.4803 -24.6867
-27.5000 -25.0000
-27.4803 -25.3133
-27.4215 -25.6217
-27.3244 -25.9203
-27.1908 -26.2044
-27.0225 -26.4695
-26.8224 -26.7114
-26.5936 -26.9263
-26.3396 -27.1108
-26.0644 -27.2621
-25.7725 -27.3776
-25.4685 -27.4557
-25.1570 -27.4951
-24.8430 -27.4951
-24.5315 -27.4557
-24.2275 -27.3776
-23.9356 -27.2621
-23.6604 -27.1108
-23.4064 -26.9263
-23.1776 -26.7114
-22.9775 -26.4695
-22.8092 -26.2044
-22.6756 -25.9203
-22.5785 -25.6217
-22.5197 -25.3133

27.5000 -25.0000
27.4803 -24.6867
27.4215 -24.3783
27.3244 -24.0797
27.1908 -23.7956
27.0225 -23.5305
26.8224 -23.2886
26.5936 -23.0737
26.3396 -22.8892
26.0644 -22.7379
25.7725 -22.6224
25.4685 -22.5443
25.1570 -22.5049
24.8430 -22.5049
24.5315 -22.5443
24.2275 -22.6224
23.9356 -22.7379
23.6604 -22.8892
23.4064 -23.0737
23.1776 -23.2886
22.9775 -23.5305
22.8092 -23.7956
22.6756 -24.0797
22.5785 -24.3783
22.5197 -24.6867
22.5000 -25.0000
22.5197 -25.3133
22.5785 -25.6217
22.6756 -25.9203
22.8092 -26.2044
22.9775 -26.4695
23.1776 -26.7114
23.4064 -26.9263
23.6604 -27.1108
23.9356 -27.2621
24.2275 -27.3776
24.5315 -27.4557
24.8430 -27.4951
25.1570 -27.4951
25.4685 -27.4557
25.7725 -27.3776
26.0644 -27.2621
26.3396 -27.1108
26.5936 -26.9263
26.8224 -26.7114
27.0225 -26.4695
27.1908 -26.2044
27.3244 -25.9203
27.4215 -25.6217
27.4803 -25.3133

27.5000 25.0000
27.4803 25.3133
27.4215 25.6217
27.3244 25.9203
27.1908 26.2044
27.0225 26.4695
26.8224 26.7114
26.5936 26.9263
26.3396 27.1108
26.0644 27.2621
25.7725 27.3776
25.4685 27.4557
25.1570 27.4951
24.8430 27.4951
24.5315 27.4557
24.2275 27.3776
23.9356 27.2621
23.6604 27.1108
23.4064 26.9263
23.1776 26.7114
22.9775 26.4695
22.8092 26.2044
22.6756 25.9203
22.5785 25.6217
22.5197 25.3133
22.5000 25.0000
22.5197 24.6867
22.5785 24.3783
22.6756 24.0797
22.8092 23.7956
22.9775 23.5305
23.1776 23.2886
23.4064 23.0737
23.6604 22.8892
23.9356 22.7379
24.2275 22.6224
24.5315 22.5443
24.8430 22.5049
25.1570 22.5049
25.4685 22.5443
25.7725 22.6224
26.0644 22.7379
26.3396 22.8892
26.5936 23.0737
26.8224 23.2886
27.0225 23.5305
27.1908 23.7956
27.3244 24.0797
27.4215 24.3783
27.4803 24.6867

-22.5000 25.0000
-22.5197 25.3133
-22.5785 25.6217
-22.6756 25.9203
-22.8092 26.2044
-22.9775 26.4695
-23.1776 26.7114
-23.4064 26.9263
-23.6604 27.1108
-23.9356 27.2621
-24.2275 27.3776
-24.5315 27.4557
-24.8430 27.4951
-25.1570 27.4951
-25.4685 27.4557
-25.7725 27.3776
-26.0644 27.2621
-26.3396 27.1108
-26.5936 26.9263
-26.8224 26.7114
-27.0225 26.4695
-27.1908 26.2044
-27.3244 25.9203
-27.4215 25.6217
-27.4803 25.3133
-27.5000 25.0000
-27.4803 24.6867
-27.4215 24.3783
-27.3244 24.0797
-27.1908 23.7956
-27.0225 23.5305
-26.8224 23.2886
-26.5936 23.0737
-26.3396 22.8892
-26.0644 22.7379
-25.7725 22.6224
-25.4685 22.5443
-25.1570 22.5049
-24.8430 22.5049
-24.5315 22.5443
-24.2275 22.6224
-23.9356 22.7379
-23.6604 22.8892
-23.4064 23.0737
-23.1776 23.2886
-22.9775 23.5305
-22.8092 23.7956
-22.6756 24.0797
-22.5785 24.3783
-22.5197 24.6867

-8.5000 0.0000
-8.5000 17.0000
8.5000 17.0000
8.5000 0.0000
