 60.882326270833 242.602641645833
 52.5663398125 242.427169979167
 48.752900229167 241.875989979167
 46.020504158854 241.447586567708
 33.648634125 238.980919145833
 33.582488291667 239.184701229167
 31.664259125 238.567137270833
 29.12352998233 237.542618667438
 26.270804114198 236.188558582562
 24.917383860417 235.364699979167
 25.675167096615 235.64910721875
 27.497071625 236.518309770833
 29.8435950625 237.566089536458
 31.862696625 238.279799770833
 33.648634125 238.980919145833
 46.020504158854 241.447586567708
 44.806192666667 241.1915658125
 49.523631479167 240.0027664375
 44.364259125 239.487278729167
 42.644467458333 238.925991645833
 40.924675791667 238.3647045625
 37.088217458333 238.176929770833
 33.251759125 237.989154979167
 32.061134125 237.432312895833
 30.416113708333 236.759613078125
 28.132997666667 235.924214354167
 25.395459485417 234.9729314375
 23.238205735417 233.523755604167
 20.606973830208 231.733104593424
 18.737917939063 230.390210190104
 17.29277901901 229.24068866569
 15.933298027083 228.030156291667
 14.515128053125 226.807903992188
 13.805439485417 226.373597395833
 13.239548652083 226.055647604167
 12.87884219375 225.610898895833
 13.209571360417 225.8095956875
 13.45097719375 225.645308289063
 12.354834902083 223.3415015
 11.169369277083 220.981098020833
 9.94942844375 216.798350375
 8.729487610417 212.615602729167
 8.454109277083 208.6386876875
 8.178704485417 204.661780583333
 8.748220110417 203.545458520833
 9.57692156875 202.429144395833
 9.836133860417 202.032269395833
 10.10071719375 201.635394395833
 10.29915469375 201.304665229167
 10.629883860417 200.9739360625
 11.026758860417 200.9739360625
 11.00956094375 201.534540520833
 10.992363027083 202.095150270833
 12.896172402083 202.0637071875
 14.800008235417 202.032269395833
 14.800008235417 200.445055145833
 14.800008235417 198.857840895833
 14.434248235417 198.335659229167
 14.06851469375 196.879307895833
 14.06851469375 195.945135583333
 13.340910527083 195.2679213125
 12.286651777083 194.3957885
 11.95999719375 194.2008673125
 11.470465110417 195.005843583333
 10.980933027083 195.810817208333
 10.62967219375 195.154489145833
 10.27843781875 194.498166375
 9.918128235417 194.797190520833
 10.11627469375 193.987232145833
 10.89351469375 192.8682880625
 11.306000110417 192.6395610625
 11.718511985417 192.6395610625
 11.554973027083 192.904144395833
 11.391460527083 193.168727729167
 11.936237610417 193.168727729167
 12.48101469375 192.904144395833
 12.811743860417 192.629917
 13.911742454167 191.586982747396
 14.844537610417 189.748212916667
 15.34732242487 187.658859518229
 15.879220501042 185.287736776042
 16.326489944401 183.157710635417
 16.575388860417 181.791647041667
 16.80694973999 180.842847999393
 17.324443459761 179.094152601434
 18.061125123445 176.750722405369
 18.950249834761 174.017718968781
 19.925072697425 171.100303849247
 20.918848815154 168.203638604349
 21.864833291667 165.532884791667
 22.621238673466 163.609872769653
 23.52164863903 161.630485056966
 24.570104792826 159.587923339885
 25.770648739323 157.475389304688
 27.127322082987 155.286084637655
 28.644166428288 153.013211025065
 30.325223379692 150.649970153198
 32.174534541667 148.189563708333
 34.20964456 145.529649969667
 35.948111788333 143.224228664
 37.216534236667 141.507930894333
 37.841509915 140.615387763667
 37.649636833333 140.781230375
 36.181932753615 142.557907414781
 34.551098987872 144.621797241084
 32.821655329552 146.883873768519
 31.058121572108 149.255110911694
 29.325017508988 151.64648258522
 27.686862933642 153.968962703704
 26.20817763952 156.133525181756
 24.953481420073 158.051143933985
 23.98729406875 159.632792875
 22.729174125 161.418730375
 22.667473291667 161.683313708333
 22.535181625 161.947897041667
 22.402889958333 162.212480375
 22.242129125 162.477063708333
 22.065175791667 162.624415458333
 21.556673083333 164.542644625
 20.642828708333 167.015236729167
 19.161744125 167.2291470625
 18.566431625 166.847691979167
 18.566431625 166.027205833333
 18.566431625 165.2067196875
 19.226011416667 164.5694971875
 21.141942015625 162.578524802083
 21.774954333333 161.292783416667
 22.058614125 160.240800083333
 21.767731208333 159.775022291667
 21.547409359375 158.617443088542
 22.469035791667 156.961662729167
 23.465800451042 155.543847296875
 24.468994485417 154.069608145833
 25.369126829167 152.737908304688
 26.118168860417 151.662794104167
 26.6243435 150.551589083333
 27.027780166667 150.0444913125
 28.6226885 148.419957583333
 29.678931625 147.0837085625
 29.678931625 146.467705645833
 29.678931625 145.851702729167
 31.040424541667 144.705527729167
 32.91190927474 143.040358630208
 34.06445990625 141.845893203125
 34.315499053385 141.342931861979
 33.482449333333 141.752275020833
 32.742118708333 142.2364360625
 32.94592725 141.905706895833
 33.14976225 141.574977729167
 32.891608291667 141.574977729167
 32.498966625 141.846175645833
 32.433535166667 141.7800298125
 32.907007041667 141.438698791667
 33.74412225 141.075571395833
 34.176848291667 140.9362100625
 35.367473291667 139.987477729167
 36.558098291667 138.500069604167
 37.587830166667 137.423900708333
 38.646153700617 136.480149499229
 40.035200521605 134.884767757716
 42.036375583333 132.3145610625
 44.130589046875 129.800901986979
 45.177508916667 129.080532520833
 45.041116208333 128.798378208333
 44.6780285 128.324901041667
 43.859222458333 129.325317083333
 42.915410713542 130.437331398438
 41.796081 131.706061729167
 40.784519385417 132.936732408854
 40.099784333333 133.957247854167
 39.647796625 134.828102729167
 39.529660166667 134.478024583333
 39.411523708333 134.127949083333
 38.844706833333 134.642727708333
 37.558302666667 135.2853133125
 36.838688916667 135.413120291667
 36.978600583333 135.186756020833
 37.517424541667 134.960397041667
 38.431727527778 134.546789987654
 39.889096625 133.242935276235
 41.995206416667 130.954282583333
 43.812242380208 128.896152664063
 44.855431625 127.741145541667
 45.431373317708 126.753869369792
 46.125008291667 125.099005791667
 46.9024573125 122.968739541667
 48.427595020833 120.828630791667
 49.952706270833 118.688522041667
 50.568180020833 114.322897041667
 50.961459627315 111.83385383179
 51.400864928241 109.505030529321
 51.791269395833 107.840605375
 52.242851409722 106.212437936729
 52.842635368056 103.978668646605
 53.460763770833 101.622897041667
 54.090448585648 99.248996578704
 54.720486178241 96.967700282408
 55.214475020833 95.272897041667
 55.889635463542 93.051937247396
 56.5413604375 90.870293875
 57.180051480833 88.858802448833
 57.959849684167 86.676801965667
 58.8787459075 84.3294243685
 59.934731010833 81.821801600333
 61.125795854167 79.159065604167
 62.39973153125 76.203027494792
 62.833919395833 74.818705666667
 62.670089395833 74.5536355
 62.9322385625 74.715653104167
 63.194387729167 74.8776680625
 63.9653041875 73.2543858125
 64.663513145833 71.393793479167
 64.7985035625 71.284827479167
 65.330550880208 70.624625255208
 66.318111479167 68.857098125
 67.421979604167 66.761958289063
 68.233668354167 65.3140918125
 68.8372623125 64.039990770833
 69.517453145833 62.657309334877
 70.8387823125 60.360532463735
 71.7223848125 59.024980375
 73.189578770833 57.040605375
 74.597230307956 55.07991962318
 76.135988491638 53.042425450124
 77.789207693508 50.945182430093
 79.540242285194 48.805250137349
 81.372446638325 46.639688146154
 83.269175124529 44.46555603077
 85.213782115435 42.299913365459
 87.189621982672 40.159819724483
 89.180049097867 38.062334682103
 91.16841783265 36.024517812582
 93.138082558649 34.063428690182
 95.072397647492 32.196126889164
 96.954717470808 30.439671983791
 98.768396400225 28.811123548324
 100.496788807373 27.327541157025
 102.123249063879 26.005984384156
 103.631131541372 24.863512803979
 105.003790611481 23.917185990757
 106.224580645833 23.18406351875
 108.025440645833 22.202731872917
 108.407393145833 22.34930045625
 108.789345645833 22.208732622917
 108.789345645833 21.921593560417
 109.283455020833 22.050805477083
 109.777564395833 22.180020039583
 109.746475854167 21.750937310417
 110.046116479167 21.38799776875
 110.695562729167 21.520289435417
 111.0322185625 21.18956026875
 111.050210229167 20.79268526875
 111.4685429375 20.86152720625
 112.828994057292 20.530859224479
 113.816640645833 19.929238727083
 114.512680020833 19.694042664583
 115.372390645833 19.42945933125
 116.065413770833 19.131586122917
 117.66068590625 18.728751714063
 118.318420229167 18.195164852083
 118.322388979167 17.88226595625
 118.5788760625 18.27914095625
 118.835363145833 18.67601595625
 118.839331895833 18.37436714375
 118.843300645833 18.07271833125
 119.7805341875 18.199025122917
 120.7177941875 18.325331914583
 121.0799029375 18.024804935417
 121.4420116875 17.72427795625
 121.634469604167 18.035687247917
 121.826953979167 18.34709389375
 122.0852666875 17.885501810417
 122.343579395833 17.42390708125
 123.966877520833 17.60377083125
 126.747704578125 18.058737086458
 128.825765229167 18.712097185417
 130.6778485625 19.449895747917
 132.623320304036 20.223864588412
 134.834720619792 21.22092926875
 136.969985427734 22.279334949089
 138.687050645833 23.237326789583
 140.116320915918 24.189133673044
 141.613680794035 25.330265482526
 143.168941739128 26.64698538614
 144.771915210135 28.125556551998
 146.412412665999 29.752242148214
 148.080245565658 31.5133053429
 149.765225368056 33.395009304167
 151.457163532131 35.383617200128
 153.145871516825 37.465392198895
 154.821160781078 39.62659746858
 156.472842783831 41.853496177296
 158.090728984026 44.132351493155
 159.664630840602 46.449426584269
 161.1843598125 48.79098461875
 162.639727358661 51.143288764711
 164.020544938026 53.492602190264
 165.316624009536 55.825188063521
 166.517776032131 58.127309552594
 167.613812464751 60.385229825595
 168.594544766339 62.585212050638
 169.449784395833 64.713519395833
 170.226166115083 66.849332619085
 171.062160310328 69.290318022891
 171.922178454475 71.918769145833
 172.770632020433 74.616979526492
 173.57193248111 77.267242703447
 174.290491309414 79.751852215278
 174.890719978252 81.953101600566
 175.337029960534 83.753284397891
 175.593832729167 85.034694145833
 175.9996241875 87.283652479167
 176.294481733796 88.86032631713
 176.499574974537 90.272161210648
 176.7744829375 92.617795354167
 177.023508770833 94.614882921875
 177.178157729167 95.528212020833
 177.4191666875 96.992688708333
 177.696846895833 98.926348375
 177.876578354167 99.994354875
 178.1344148125 101.704473375
 178.531263354167 103.634695111979
 179.045269395833 105.231885145833
 179.825208145833 107.422971166667
 180.14001973112 108.404078164714
 180.835873484375 110.230607791667
 181.901669307943 112.87439432487
 183.326307104167 116.307272041667
 184.3153460625 118.688522041667
 185.087056270833 120.4861065
 185.353544604167 121.783758104167
 185.1719610625 122.07757525
 185.446730854167 121.907765666667
 185.7214741875 121.737956083334
 186.0646123125 122.5944890625
 186.751166375 124.132071778646
 187.9200029375 126.626022041667
 189.432281895833 129.801022041667
 191.938097729167 132.579147041667
 193.282085151042 134.027760757909
 194.6940241875 135.461438597994
 196.236958432292 136.938953192708
 197.973931479167 138.51907717284
 199.967986921875 140.260583169175
 202.282168354167 142.2222438125
 204.416059395833 144.109933447917
 205.2232766875 145.025057083334
 205.673147729167 145.794851708333
 206.2605491875 146.342105291667
 206.234620020833 147.2554125625
 206.208690854167 148.168725125
 206.5790810625 148.476123333334
 206.949471270833 149.661551916667
 207.197227104167 150.692696666667
 207.505453458333 151.973274046875
 207.2258285625 153.168630458333
 207.04586559375 153.760533802084
 208.1498329375 155.732030208333
 209.025709604167 157.238145036459
 209.445894395833 158.154761583334
 210.222605229167 160.1013038125
 211.232354202932 162.436550708333
 212.122717297068 164.763787784722
 212.505721270833 166.068930625
 211.848674864583 166.051847802083
 211.175475645833 164.540721104167
 210.778003740934 163.421950445409
 209.754456378858 161.362477410494
 208.324798588542 158.751266692708
 206.70899539892 155.97728298534
 205.127011838928 153.429490981675
 203.7988129375 151.496855375
 202.369789259115 149.851907305339
 200.282434291667 147.702895739583
 198.125745261719 145.635043126953
 196.488719395833 144.233571916667
 196.186190892747 144.059938908179
 196.992331232253 144.866002126543
 199.2511810625 146.9957769375
 200.893145503098 148.620387187561
 202.402483806669 150.301553953292
 203.810484070882 152.084402454446
 205.148434393404 154.014057910775
 206.447622871902 156.135645542031
 207.739337604045 158.494290567967
 209.0548666875 161.135118208333
 210.538587182292 164.279619026042
 210.918221270833 165.23985875
 211.765369087191 167.147670976852
 213.384847412809 170.370652870371
 214.3937085625 172.15653275
 214.592929890625 171.663971518229
 214.0931948125 169.620813708333
 213.620976401042 167.741838125
 214.248081895833 166.731804479167
 215.127715645833 165.190151479167
 215.323322104167 164.461438708334
 215.7479254375 164.4580785
 216.367579604167 164.259641
 217.162176270833 164.064563708333
 217.761722104167 164.064563708333
 217.936003145833 164.613669375
 218.2283148125 165.044736479167
 217.497138770833 163.689725854167
 217.445571479167 163.381060291667
 217.616862729167 162.934655291667
 218.070385020833 163.830338666667
 218.707131270833 165.387480375
 218.890355229167 166.048938708334
 218.583491479167 165.652063708334
 218.276627729167 165.255188708334
 218.433869604167 165.7398498125
 218.591111479167 166.350772729167
 218.8246591875 166.3327016875
 219.581625489583 167.443556135417
 220.695977729167 170.623764458334
 221.265784395833 172.552762166667
 221.101742729167 173.137306125
 220.9377010625 173.7218474375
 221.182678770833 173.369134041667
 221.427656479167 173.0164259375
 221.7335941875 174.231479916667
 221.881443354167 176.171690666667
 221.723328354167 176.896844791667
 222.0315679375 176.499969791667
 222.339833979167 176.103094791667
 222.198123145833 176.931753916667
 222.2276241875 177.931601104167
 222.597564604167 179.410386458333
 222.7511023125 180.204136458333
 223.099505645833 182.241541895833
 223.346123770833 182.977620666667
 223.450898770833 183.5072291875
 223.516092104167 184.221707375
 223.8051229375 185.094274104167
 224.117397416667 187.493122864584
 224.155986895833 189.1580545
 224.119474395833 190.571347541667
 224.398001270833 190.399209625
 224.676528145833 190.227071708333
 224.676528145833 191.020821708333
 224.4095635625 191.979576458333
 224.142572520833 192.144583854167
 224.2500991875 193.716153291667
 224.3576523125 195.287720083333
 224.1132566875 195.4387521875
 223.8862441875 196.429772875
 223.762683770833 197.931217145833
 223.487358354167 199.386425479167
 222.999837104167 201.304654645833
 222.945438770833 201.8816844375
 222.8180154375 202.300826770833
 222.692153145833 202.958300479167
 222.5525854375 203.624254083333
 222.397989395833 204.167216125
 222.279403145833 204.68790025
 222.192566895833 205.122830270833
 222.051358770833 205.591375604167
 221.696552520833 206.3555451875
 221.401145229167 206.927050479167
 221.322855020833 207.101143666667
 221.224668145833 207.603314895833
 220.844223770833 208.492992229167
 220.1927666875 209.817602229167
 219.6494448125 210.840068645833
 218.987986479167 211.532927729167
 218.326528145833 212.1896870625
 217.447715584105 213.303641398148
 215.754150985339 215.028067094908
 214.660143979167 215.92289175
 213.6803654375 216.846356375
 212.769801895833 217.6423765
 212.126150020833 218.182552479167
 211.4646916875 218.711719145833
 210.803233354167 219.2408858125
 210.1261116875 219.760371375
 209.595278145833 220.156225083333
 209.069101270833 220.554944229167
 208.561260020833 220.878262416667
 208.280431270833 221.097840125
 207.855880854167 221.362423458333
 207.439373770833 221.87601675
 207.610903145833 221.47914175
 207.782458979167 221.08226675
 207.365951895833 221.59585475
 206.9410310625 221.860438083333
 206.5441560625 222.125021416667
 206.1556948125 222.405183416667
 205.7392141875 222.685340125
 205.322707104167 223.198933416667
 205.494236479167 222.802058416667
 205.6657923125 222.405183416667
 205.289263770833 222.864089979167
 204.740491479167 223.1507236875
 204.5681948125 223.3027426875
 204.303611479167 223.46351675
 204.039028145833 223.571890083333
 204.039028145833 223.843783854167
 203.598761479167 223.674834166667
 203.1584948125 223.505881833334
 203.3775698125 223.86039175
 203.596671270833 224.214901666667
 203.156404604166 224.0459466875
 202.716111479166 223.876999645834
 202.716111479166 224.148893416667
 202.451528145833 224.25726675
 202.1869448125 224.389558416667
 201.946253354166 224.53660325
 201.286303145833 224.548721166667
 200.867070854166 224.709593125
 201.0412460625 224.991416708334
 201.215421270833 225.273237645833
 200.775154604167 225.104287958333
 200.334861479167 224.935335625
 200.334861479167 225.207232041667
 200.107690229167 225.338722020834
 198.726945567708 225.64723809375
 195.7262960625 226.586150416667
 191.572073145833 227.973979958334
 191.7862798125 228.208302895834
 192.000486479167 228.442625833334
 191.569718354167 228.288852645834
 190.8032998125 228.445134083334
 190.467649395833 228.755188708334
 190.639496270833 228.4485525
 190.8113166875 228.141916291667
 189.4876591875 228.5652099375
 188.163975229167 228.988503583334
 188.494730854167 229.223972166667
 188.825486479167 229.4594486875
 188.0757366875 229.295147729167
 187.3259604375 229.1308520625
 187.523815854167 229.4510031875
 187.721671270833 229.7711543125
 187.260370229167 229.594134833333
 185.6660704375 229.971007333333
 185.426410854167 230.057036604167
 184.875045645833 230.18080075
 184.275711479166 230.286168416667
 183.843911479167 230.1204678125
 184.041766895833 230.4406189375
 184.2396223125 230.7607700625
 183.516542520833 230.579289708333
 182.793436270833 230.397801416667
 182.987375854167 230.711581375
 183.181288979167 231.025353395833
 182.431512729167 230.861057729167
 181.681736479167 230.6967620625
 182.078611479167 230.9987998125
 182.475486479167 231.3008375625
 181.5494448125 231.1364360625
 180.623403145833 230.972039854167
 181.020278145833 231.2756280625
 181.417153145833 231.579216270834
 180.821840645833 231.4487449375
 180.226528145833 231.318270958334
 180.226528145833 231.588942354167
 180.226528145833 231.85961375
 179.6976260625 231.7213028125
 179.035903145833 231.797889104167
 178.332825854167 231.863661875
 177.7625429375 231.714529479167
 177.958387520833 232.031399770834
 178.154205645833 232.348264770834
 177.431125854167 232.166779125
 176.708019604167 231.985296125
 176.9129129375 232.31681375
 177.117806270833 232.648328729167
 176.577765229167 232.476929
 176.037750645833 232.305529270834
 175.866962104167 232.581844229167
 175.696200020833 232.858161833334
 174.9848148125 232.703499645834
 174.273403145833 232.5488348125
 174.670278145833 232.8508725625
 175.067153145833 233.1529103125
 174.1741579375 232.976271833334
 173.281162729167 232.799636
 173.468725854167 233.103115729167
 173.656288979167 233.406598104167
 172.9332091875 233.225112458334
 172.2101029375 233.043629458334
 172.404042520833 233.357404125
 172.597955645833 233.6711814375
 171.874875854167 233.489695791667
 171.151769604167 233.308212791667
 171.356636479167 233.6396695625
 171.561503354167 233.9711395625
 170.701528145833 233.782253520834
 169.841579395833 233.5933939375
 170.0400698125 233.9145451875
 170.2385866875 234.235722895834
 169.345591479167 234.0590870625
 168.4525698125 233.882451229167
 168.8494448125 234.179128520834
 169.2463198125 234.475832270834
 168.353324604167 234.2991964375
 167.460329395833 234.122560604167
 167.665196270833 234.454004145834
 167.870063145833 234.785474145834
 167.1853479375 234.613627270834
 166.500632729167 234.441780395834
 166.336167729167 234.7078983125
 166.171676270833 234.9740426875
 165.0631779375 234.819790604167
 163.954653145833 234.665564979167
 164.351528145833 234.966846020834
 164.748403145833 235.268153520834
 163.028611479167 235.1051701875
 161.3088198125 234.9422133125
 161.7056948125 235.218094354167
 162.1025698125 235.4939489375
 161.359355229167 235.4979176875
 160.616140645833 235.5018864375
 160.779653145833 235.237303104167
 160.662998354167 234.972719770834
 160.382778145833 235.1781951875
 159.391830880208 235.329179666667
 157.009340645833 235.403646645834
 153.635903145833 235.423490395834
 154.826528145833 235.2170889375
 156.017153145833 235.0107139375
 153.702048979167 235.094666229167
 151.3869448125 235.1785920625
 151.3869448125 234.913267895834
 151.3869448125 234.647917270834
 150.130173979167 234.8211664375
 148.873403145833 234.994415604167
 149.270278145833 234.698955395834
 149.667153145833 234.4034951875
 147.988001479167 234.5717701875
 146.308823354167 234.7400451875
 146.465112729167 234.4871564375
 146.2260616875 234.082555604167
 145.8306948125 234.187145395834
 144.970798979167 234.412120604167
 144.110903145833 234.380820395834
 144.904653145833 234.178837479167
 145.277742104167 233.945554354167
 144.857054604167 233.914254145834
 144.5024335625 232.8396965625
 144.1477860625 231.765144270834
 143.6001779375 231.468022479167
 141.994236479167 230.9921799375
 140.167262104167 230.605078645834
 139.398594604167 230.396695458334
 139.547158145833 230.964848479167
 138.4076241875 230.856014770834
 136.420113875 229.645091268229
 134.8287641875 228.8871708125
 134.7181948125 229.2840458125
 133.919814604167 229.413850395834
 133.420783979167 229.146782625
 133.0779104375 229.513823208334
 132.735063354167 229.8808664375
 131.279220020833 229.214825520834
 129.1619448125 228.478561541667
 127.790530020833 228.1318383125
 127.080547104167 227.855338145834
 126.990985645833 228.124025166667
 126.9014241875 228.392709541667
 125.7165935625 228.0075053125
 123.828712104167 227.46211175
 122.751355229167 227.158282770834
 122.3770491875 227.014637833334
 122.053569604167 227.724562541667
 121.730116479167 228.434484604167
 120.972296895833 227.7084520625
 120.2144773125 226.982416875
 119.427606479167 227.155242708334
 118.640735645833 227.328065895834
 118.834966270833 228.1892581875
 119.495789604167 229.762558
 119.9623823125 230.4746708125
 116.690809395833 230.512217833334
 113.419236479167 230.5497595625
 114.4775698125 230.725839770834
 115.535903145833 230.9019146875
 114.212986479167 231.099182729167
 111.831736479167 231.405845395834
 110.773403145833 231.515237375
 111.964028145833 231.153218583334
 112.776249369792 230.785420299479
 110.1444091875 231.1878551875
 107.6329048125 231.636458875
 107.527441895833 231.320146854167
 106.311258145833 231.402741833334
 105.912345854167 231.801643541667
 105.7475898125 231.5350335
 104.419990020833 231.842090395834
 103.910723328125 232.501498869792
 102.157511479167 233.3910511875
 100.949953145833 233.958889354167
 100.173136479167 233.870439145834
 99.3963198125 233.781962479167
 99.460269604167 233.2527958125
 99.6946904375 231.823278520834
 99.865135020833 230.922922604167
 98.8520454375 231.08732675
 97.838929395833 231.251730895834
 97.217846479167 231.921531541667
 96.7093173125 232.591337479167
 95.9829566875 233.5071926875
 94.457220359375 234.666517479167
 93.0463991875 235.235451020834
 92.270561479167 235.388591854167
 91.157062520833 235.285139770834
 90.6846754375 235.020768104167
 89.4592841875 235.641718729167
 87.805453145833 236.916560604167
 87.377013354167 237.570451854167
 85.8460548125 237.687979770834
 84.3150698125 237.8055076875
 82.066111479167 238.671779979167
 80.048137703125 239.464580786459
 78.354510020833 240.1542139375
 76.370279714844 240.78793814974
 74.008755229167 241.190924197917
 71.34149808724 241.355100636719
 68.4400698125 241.272396020834
 68.4413398125 241.2726870625
 66.975589486979 241.178566502604
 64.940571583333 241.058678833333
 62.605416960938 240.928432726562
 60.239256479167 240.803236854167
 58.223766479167 240.687018730833
 55.964436479167 240.5354158675
 53.641288979167 240.361875024167
 51.434346479167 240.179842960833
 49.523631479167 240.0027664375
 44.806192666667 241.1915658125
 45.188842674479 241.10191175
 49.182795229167 241.6164601875
 53.3600898125 242.174598729167
 62.620506479167 242.3487739375
 66.11031434375 242.426474207682
 68.766664864583 242.509266880208
 111.039256479167 233.345214770833
 109.980923145833 233.365561229167
 108.856265630401 233.464955388117
 107.070067466821 233.765374084105
 104.292381479167 234.322321020833
 103.630923145833 234.459877895833
 104.027798145833 234.191219979167
 104.424673145833 233.922667895833
 104.093943979167 233.918699145833
 103.7632148125 233.666921645833
 103.7632148125 233.419200208333
 104.9538398125 233.530819979167
 106.1444648125 233.642421229167
 106.1444648125 233.381655833333
 106.4246585625 233.120893083333
 106.7048523125 233.120893083333
 106.5135585625 233.430439708333
 106.322238354167 233.739973104167
 106.743719604167 233.5782333125
 108.1077260625 233.239685708333
 108.9046510625 232.827295541667
 110.1132148125 232.988601416667
 111.039256479167 233.345214770833
 68.766664864583 242.509266880208
 70.329714057292 242.587252404297
 113.289987520833 232.988511458333
 112.164608770833 233.0354035625
 111.039256479167 233.082295666667
 111.568423145833 232.855560979167
 111.568423145833 232.855566270833
 112.0975898125 232.628834229167
 111.7007148125 232.606185895833
 111.3038398125 232.5835375625
 111.7007148125 232.3019309375
 112.0975898125 232.0203243125
 110.9069648125 232.156378354167
 109.7163398125 232.292435041667
 110.2113223125 232.014125125
 110.7063048125 231.735817854167
 112.5925723125 231.884161791667
 114.4788398125 232.032505729167
 113.817381479167 231.8092820625
 113.155923145833 231.58605575
 114.015818979167 231.559676791667
 114.478178354167 232.327598166667
 114.080641895833 232.657520354167
 113.230403354167 232.48747
 112.3801648125 232.317419645833
 112.8350629375 232.652964229167
 113.289987520833 232.988511458333
 70.329714057292 242.587252404297
 70.5396179375 242.650531229167
 69.362634688802 242.68621980013
 67.149505072917 242.689084328125
 64.217108972656 242.660699910807
 60.882326270833 242.602641645833
