
-2.84470000 0.83550000
-2.84160000 0.83570000
-2.83860000 0.83590000
-2.83240000 0.83650000
-2.82640000 0.83730000
-2.82330000 0.83770000
-2.81730000 0.83870000
-2.81420000 0.83920000
-2.80820000 0.84040000
-2.80220000 0.84180000
-2.79930000 0.84250000
-2.79630000 0.84330000
-2.79330000 0.84410000
-2.79040000 0.84490000
-2.78740000 0.84580000
-2.78160000 0.84760000
-2.77580000 0.84960000
-2.77000000 0.85180000
-2.76720000 0.85290000
-2.76430000 0.85400000
-2.75722893 0.85692893
-2.75442893 0.85812893
-2.75162893 0.85932893
-2.74882893 0.86062893
-2.74602893 0.86192893
-2.74322893 0.86322893
-2.74052893 0.86462893
-2.73512893 0.86742893
-2.73242893 0.86892893
-2.72972893 0.87042893
-2.72702893 0.87192893
-2.71922893 0.87672893
-2.71662893 0.87832893
-2.71402893 0.88002893
-2.71152893 0.88182893
-2.70892893 0.88352893
-2.70652893 0.88532893
-2.70402893 0.88712893
-2.70152893 0.88892893
-2.69672893 0.89272893
-2.69432893 0.89462893
-2.69192893 0.89662893
-2.68732893 0.90062893
-2.68502893 0.90272893
-2.68272893 0.90472893
-2.68052893 0.90682893
-2.67832893 0.90902893
-2.67612893 0.91112893
-2.67402893 0.91332893
-2.67182893 0.91552893
-2.66972893 0.91772893
-2.66772893 0.92002893
-2.66562893 0.92232893
-2.66362893 0.92462893
-2.66162893 0.92692893
-2.65962893 0.92932893
-2.65772893 0.93172893
-2.65582893 0.93412893
-2.65392893 0.93652893
-2.65212893 0.93902893
-2.65032893 0.94152893
-2.64852893 0.94392893
-2.64682893 0.94652893
-2.64502893 0.94902893
-2.64332893 0.95162893
-2.64172893 0.95422893
-2.64012893 0.95682893
-2.63852893 0.95942893
-2.63692893 0.96202893
-2.63542893 0.96472893
-2.63392893 0.96742893
-2.63242893 0.97012893
-2.63102893 0.97282893
-2.62962893 0.97552893
-2.62822893 0.97822893
-2.62692893 0.98102893
-2.62562893 0.98382893
-2.62432893 0.98662893
-2.62312893 0.98942893
-2.62192893 0.99222893
-2.61900000 0.99930000
-2.61790000 1.00220000
-2.61680000 1.00500000
-2.61570000 1.00790000
-2.61460000 1.01080000
-2.61360000 1.01370000
-2.61260000 1.01660000
-2.61080000 1.02240000
-2.60990000 1.02540000
-2.60910000 1.02830000
-2.60750000 1.03430000
-2.60680000 1.03720000
-2.60610000 1.04020000
-2.60540000 1.04320000
-2.60480000 1.04620000
-2.60420000 1.04920000
-2.60370000 1.05230000
-2.60320000 1.05530000
-2.60270000 1.05830000
-2.60230000 1.06140000
-2.60190000 1.06440000
-2.60150000 1.06740000
-2.60120000 1.07050000
-2.60090000 1.07360000
-2.60070000 1.07660000
-2.60050000 1.07970000
-2.60030000 1.08270000
-2.60010000 1.08890000
-2.60000000 1.09190000
-2.60000000 1.45310000
-2.60010000 1.45610000
-2.60030000 1.46230000
-2.60050000 1.46530000
-2.60070000 1.46840000
-2.60090000 1.47140000
-2.60150000 1.47760000
-2.60230000 1.48360000
-2.60270000 1.48670000
-2.60370000 1.49270000
-2.60420000 1.49580000
-2.60540000 1.50180000
-2.60680000 1.50780000
-2.60750000 1.51070000
-2.60910000 1.51670000
-2.60990000 1.51960000
-2.61080000 1.52260000
-2.61260000 1.52840000
-2.61460000 1.53420000
-2.61680000 1.54000000
-2.61790000 1.54280000
-2.61900000 1.54570000
-2.62192893 1.55277107
-2.62432893 1.55837107
-2.62822893 1.56677107
-2.63242893 1.57487107
-2.63692893 1.58297107
-2.64332893 1.59337107
-2.64502893 1.59597107
-2.64682893 1.59847107
-2.64852893 1.60107107
-2.65032893 1.60347107
-2.65212893 1.60597107
-2.65392893 1.60847107
-2.65962893 1.61567107
-2.66162893 1.61807107
-2.66562893 1.62267107
-2.66772893 1.62497107
-2.66972893 1.62727107
-2.67182893 1.62947107
-2.67402893 1.63167107
-2.67612893 1.63387107
-2.67832893 1.63597107
-2.68052893 1.63817107
-2.68272893 1.64027107
-2.68502893 1.64227107
-2.68732893 1.64437107
-2.69192893 1.64837107
-2.69432893 1.65037107
-2.70152893 1.65607107
-2.70652893 1.65967107
-2.70892893 1.66147107
-2.71152893 1.66317107
-2.71402893 1.66497107
-2.71662893 1.66667107
-2.72702893 1.67307107
-2.73512893 1.67757107
-2.74322893 1.68177107
-2.75162893 1.68567107
-2.75722893 1.68807107
-2.76430000 1.69100000
-2.76720000 1.69210000
-2.77000000 1.69320000
-2.77580000 1.69540000
-2.78160000 1.69740000
-2.78740000 1.69920000
-2.79040000 1.70010000
-2.79330000 1.70090000
-2.79930000 1.70250000
-2.80220000 1.70320000
-2.80820000 1.70460000
-2.81420000 1.70580000
-2.81730000 1.70630000
-2.82330000 1.70730000
-2.82640000 1.70770000
-2.83240000 1.70850000
-2.83860000 1.70910000
-2.84160000 1.70930000
-2.84470000 1.70950000
-2.84770000 1.70970000
-2.85390000 1.70990000
-2.85690000 1.71000000
-3.29810000 1.71000000
-3.30110000 1.70990000
-3.30730000 1.70970000
-3.31030000 1.70950000
-3.31340000 1.70930000
-3.31640000 1.70910000
-3.32260000 1.70850000
-3.32860000 1.70770000
-3.33170000 1.70730000
-3.33770000 1.70630000
-3.34080000 1.70580000
-3.34680000 1.70460000
-3.35280000 1.70320000
-3.35570000 1.70250000
-3.36170000 1.70090000
-3.36460000 1.70010000
-3.36760000 1.69920000
-3.37340000 1.69740000
-3.37920000 1.69540000
-3.38500000 1.69320000
-3.38780000 1.69210000
-3.39070000 1.69100000
-3.39777107 1.68807107
-3.40337107 1.68567107
-3.41177107 1.68177107
-3.41987107 1.67757107
-3.42797107 1.67307107
-3.43837107 1.66667107
-3.44097107 1.66497107
-3.44347107 1.66317107
-3.44607107 1.66147107
-3.44847107 1.65967107
-3.45347107 1.65607107
-3.46067107 1.65037107
-3.46307107 1.64837107
-3.46767107 1.64437107
-3.46997107 1.64227107
-3.47227107 1.64027107
-3.47447107 1.63817107
-3.47667107 1.63597107
-3.47887107 1.63387107
-3.48097107 1.63167107
-3.48317107 1.62947107
-3.48527107 1.62727107
-3.48727107 1.62497107
-3.48937107 1.62267107
-3.49337107 1.61807107
-3.49537107 1.61567107
-3.50107107 1.60847107
-3.50467107 1.60347107
-3.50647107 1.60107107
-3.50817107 1.59847107
-3.50997107 1.59597107
-3.51167107 1.59337107
-3.51807107 1.58297107
-3.52257107 1.57487107
-3.52677107 1.56677107
-3.53067107 1.55837107
-3.53307107 1.55277107
-3.53600000 1.54570000
-3.53710000 1.54280000
-3.53820000 1.54000000
-3.54040000 1.53420000
-3.54240000 1.52840000
-3.54330000 1.52550000
-3.54420000 1.52260000
-3.54510000 1.51960000
-3.54590000 1.51670000
-3.54670000 1.51370000
-3.54750000 1.51070000
-3.54820000 1.50780000
-3.54890000 1.50480000
-3.54960000 1.50180000
-3.55020000 1.49880000
-3.55080000 1.49580000
-3.55130000 1.49270000
-3.55180000 1.48970000
-3.55230000 1.48670000
-3.55270000 1.48360000
-3.55350000 1.47760000
-3.55380000 1.47450000
-3.55410000 1.47140000
-3.55430000 1.46840000
-3.55450000 1.46530000
-3.55470000 1.46230000
-3.55480000 1.45920000
-3.55490000 1.45610000
-3.55500000 1.45310000
-3.55500000 1.09190000
-3.55490000 1.08890000
-3.55480000 1.08580000
-3.55470000 1.08270000
-3.55450000 1.07970000
-3.55430000 1.07660000
-3.55410000 1.07360000
-3.55380000 1.07050000
-3.55350000 1.06740000
-3.55310000 1.06440000
-3.55270000 1.06140000
-3.55230000 1.05830000
-3.55180000 1.05530000
-3.55130000 1.05230000
-3.55080000 1.04920000
-3.55020000 1.04620000
-3.54960000 1.04320000
-3.54890000 1.04020000
-3.54820000 1.03720000
-3.54750000 1.03430000
-3.54670000 1.03130000
-3.54590000 1.02830000
-3.54510000 1.02540000
-3.54420000 1.02240000
-3.54330000 1.01950000
-3.54240000 1.01660000
-3.54140000 1.01370000
-3.54040000 1.01080000
-3.53930000 1.00790000
-3.53820000 1.00500000
-3.53710000 1.00220000
-3.53600000 0.99930000
-3.53307107 0.99222893
-3.53187107 0.98942893
-3.53067107 0.98662893
-3.52937107 0.98382893
-3.52807107 0.98102893
-3.52677107 0.97822893
-3.52537107 0.97552893
-3.52397107 0.97282893
-3.52257107 0.97012893
-3.52107107 0.96742893
-3.51957107 0.96472893
-3.51807107 0.96202893
-3.51647107 0.95942893
-3.51487107 0.95682893
-3.51327107 0.95422893
-3.51167107 0.95162893
-3.50997107 0.94902893
-3.50817107 0.94652893
-3.50647107 0.94392893
-3.50467107 0.94152893
-3.50107107 0.93652893
-3.49917107 0.93412893
-3.49727107 0.93172893
-3.49537107 0.92932893
-3.49337107 0.92692893
-3.49137107 0.92462893
-3.48937107 0.92232893
-3.48727107 0.92002893
-3.48527107 0.91772893
-3.48317107 0.91552893
-3.48097107 0.91332893
-3.47887107 0.91112893
-3.47667107 0.90902893
-3.47447107 0.90682893
-3.47227107 0.90472893
-3.46997107 0.90272893
-3.46767107 0.90062893
-3.46307107 0.89662893
-3.46067107 0.89462893
-3.45827107 0.89272893
-3.45347107 0.88892893
-3.45097107 0.88712893
-3.44847107 0.88532893
-3.44607107 0.88352893
-3.44347107 0.88182893
-3.44097107 0.88002893
-3.43837107 0.87832893
-3.43577107 0.87672893
-3.42797107 0.87192893
-3.42527107 0.87042893
-3.42257107 0.86892893
-3.41987107 0.86742893
-3.41447107 0.86462893
-3.41177107 0.86322893
-3.40897107 0.86192893
-3.40617107 0.86062893
-3.40337107 0.85932893
-3.40057107 0.85812893
-3.39777107 0.85692893
-3.39070000 0.85400000
-3.38780000 0.85290000
-3.38500000 0.85180000
-3.37920000 0.84960000
-3.37340000 0.84760000
-3.36760000 0.84580000
-3.36460000 0.84490000
-3.36170000 0.84410000
-3.35870000 0.84330000
-3.35570000 0.84250000
-3.35280000 0.84180000
-3.34680000 0.84040000
-3.34080000 0.83920000
-3.33770000 0.83870000
-3.33170000 0.83770000
-3.32860000 0.83730000
-3.32260000 0.83650000
-3.31640000 0.83590000
-3.31340000 0.83570000
-3.31030000 0.83550000
-3.30730000 0.83530000
-3.30110000 0.83510000
-3.29810000 0.83500000
-2.85690000 0.83500000
-2.85390000 0.83510000
-2.84770000 0.83530000
-2.84470000 0.83550000

-3.31030000 0.85550000
-3.31340000 0.85570000
-3.31640000 0.85590000
-3.32260000 0.85650000
-3.32860000 0.85730000
-3.33170000 0.85770000
-3.33770000 0.85870000
-3.34080000 0.85920000
-3.34680000 0.86040000
-3.35280000 0.86180000
-3.35570000 0.86250000
-3.36170000 0.86410000
-3.36460000 0.86490000
-3.36760000 0.86580000
-3.37340000 0.86760000
-3.37920000 0.86960000
-3.38500000 0.87180000
-3.38780000 0.87290000
-3.38863906 0.87321826
-3.38922893 0.87347107
-3.39202893 0.87477107
-3.39482893 0.87607107
-3.39762893 0.87737107
-3.40572893 0.88157107
-3.41382893 0.88607107
-3.42162893 0.89087107
-3.42422893 0.89247107
-3.42682893 0.89417107
-3.42932893 0.89597107
-3.43192893 0.89767107
-3.43432893 0.89947107
-3.43682893 0.90127107
-3.43932893 0.90307107
-3.44412893 0.90687107
-3.44652893 0.90877107
-3.44892893 0.91077107
-3.45352893 0.91477107
-3.45582893 0.91687107
-3.45812893 0.91887107
-3.46032893 0.92097107
-3.46252893 0.92317107
-3.46472893 0.92527107
-3.46682893 0.92747107
-3.46902893 0.92967107
-3.47112893 0.93187107
-3.47312893 0.93417107
-3.47522893 0.93647107
-3.47922893 0.94107107
-3.48122893 0.94347107
-3.48692893 0.95067107
-3.49052893 0.95567107
-3.49232893 0.95807107
-3.49402893 0.96067107
-3.49582893 0.96317107
-3.49752893 0.96577107
-3.50392893 0.97617107
-3.50542893 0.97887107
-3.50692893 0.98157107
-3.50842893 0.98427107
-3.51262893 0.99237107
-3.51652893 1.00077107
-3.51678174 1.00136094
-3.51710000 1.00220000
-3.51820000 1.00500000
-3.51930000 1.00790000
-3.52040000 1.01080000
-3.52140000 1.01370000
-3.52240000 1.01660000
-3.52420000 1.02240000
-3.52510000 1.02540000
-3.52590000 1.02830000
-3.52750000 1.03430000
-3.52820000 1.03720000
-3.52890000 1.04020000
-3.52960000 1.04320000
-3.53020000 1.04620000
-3.53080000 1.04920000
-3.53130000 1.05230000
-3.53180000 1.05530000
-3.53230000 1.05830000
-3.53270000 1.06140000
-3.53310000 1.06440000
-3.53350000 1.06740000
-3.53380000 1.07050000
-3.53410000 1.07360000
-3.53430000 1.07660000
-3.53450000 1.07970000
-3.53470000 1.08270000
-3.53490000 1.08890000
-3.53500000 1.09190000
-3.53500000 1.45310000
-3.53490000 1.45610000
-3.53470000 1.46230000
-3.53450000 1.46530000
-3.53430000 1.46840000
-3.53410000 1.47140000
-3.53350000 1.47760000
-3.53270000 1.48360000
-3.53230000 1.48670000
-3.53130000 1.49270000
-3.53080000 1.49580000
-3.52960000 1.50180000
-3.52820000 1.50780000
-3.52750000 1.51070000
-3.52590000 1.51670000
-3.52510000 1.51960000
-3.52420000 1.52260000
-3.52240000 1.52840000
-3.52040000 1.53420000
-3.51820000 1.54000000
-3.51710000 1.54280000
-3.51678174 1.54363905
-3.51652893 1.54422893
-3.51522893 1.54702893
-3.51262893 1.55262893
-3.50842893 1.56072893
-3.50692893 1.56342893
-3.50542893 1.56612893
-3.50392893 1.56882893
-3.49752893 1.57922893
-3.49582893 1.58182893
-3.49402893 1.58432893
-3.49232893 1.58692893
-3.49052893 1.58932893
-3.48692893 1.59432893
-3.48502893 1.59672893
-3.48312893 1.59912893
-3.48122893 1.60152893
-3.47922893 1.60392893
-3.47522893 1.60852893
-3.47312893 1.61082893
-3.47112893 1.61312893
-3.46902893 1.61532893
-3.46682893 1.61752893
-3.46472893 1.61972893
-3.46252893 1.62182893
-3.46032893 1.62402893
-3.45812893 1.62612893
-3.45582893 1.62812893
-3.45352893 1.63022893
-3.44892893 1.63422893
-3.44652893 1.63622893
-3.44412893 1.63812893
-3.43932893 1.64192893
-3.43682893 1.64372893
-3.43432893 1.64552893
-3.43192893 1.64732893
-3.42932893 1.64902893
-3.42682893 1.65082893
-3.42422893 1.65252893
-3.42162893 1.65412893
-3.41382893 1.65892893
-3.40572893 1.66342893
-3.39762893 1.66762893
-3.39482893 1.66892893
-3.39202893 1.67022893
-3.38922893 1.67152893
-3.38863906 1.67178174
-3.38780000 1.67210000
-3.38500000 1.67320000
-3.37920000 1.67540000
-3.37340000 1.67740000
-3.36760000 1.67920000
-3.36460000 1.68010000
-3.36170000 1.68090000
-3.35570000 1.68250000
-3.35280000 1.68320000
-3.34680000 1.68460000
-3.34080000 1.68580000
-3.33770000 1.68630000
-3.33170000 1.68730000
-3.32860000 1.68770000
-3.32260000 1.68850000
-3.31640000 1.68910000
-3.31340000 1.68930000
-3.31030000 1.68950000
-3.30730000 1.68970000
-3.30110000 1.68990000
-3.29810000 1.69000000
-2.85690000 1.69000000
-2.85390000 1.68990000
-2.84770000 1.68970000
-2.84470000 1.68950000
-2.84160000 1.68930000
-2.83860000 1.68910000
-2.83240000 1.68850000
-2.82640000 1.68770000
-2.82330000 1.68730000
-2.81730000 1.68630000
-2.81420000 1.68580000
-2.80820000 1.68460000
-2.80220000 1.68320000
-2.79930000 1.68250000
-2.79330000 1.68090000
-2.79040000 1.68010000
-2.78740000 1.67920000
-2.78160000 1.67740000
-2.77580000 1.67540000
-2.77000000 1.67320000
-2.76720000 1.67210000
-2.76636094 1.67178174
-2.76577107 1.67152893
-2.75737107 1.66762893
-2.74927107 1.66342893
-2.74117107 1.65892893
-2.73077107 1.65252893
-2.72817107 1.65082893
-2.72567107 1.64902893
-2.72307107 1.64732893
-2.72067107 1.64552893
-2.71567107 1.64192893
-2.70847107 1.63622893
-2.70607107 1.63422893
-2.70147107 1.63022893
-2.69917107 1.62812893
-2.69687107 1.62612893
-2.69467107 1.62402893
-2.69247107 1.62182893
-2.69027107 1.61972893
-2.68817107 1.61752893
-2.68597107 1.61532893
-2.68387107 1.61312893
-2.68187107 1.61082893
-2.67977107 1.60852893
-2.67577107 1.60392893
-2.67377107 1.60152893
-2.67187107 1.59912893
-2.66997107 1.59672893
-2.66807107 1.59432893
-2.66447107 1.58932893
-2.66267107 1.58692893
-2.66097107 1.58432893
-2.65917107 1.58182893
-2.65747107 1.57922893
-2.65107107 1.56882893
-2.64657107 1.56072893
-2.64237107 1.55262893
-2.63977107 1.54702893
-2.63847107 1.54422893
-2.63821825 1.54363904
-2.63790000 1.54280000
-2.63680000 1.54000000
-2.63570000 1.53710000
-2.63460000 1.53420000
-2.63360000 1.53130000
-2.63260000 1.52840000
-2.63170000 1.52550000
-2.63080000 1.52260000
-2.62990000 1.51960000
-2.62910000 1.51670000
-2.62750000 1.51070000
-2.62680000 1.50780000
-2.62610000 1.50480000
-2.62540000 1.50180000
-2.62480000 1.49880000
-2.62420000 1.49580000
-2.62370000 1.49270000
-2.62320000 1.48970000
-2.62270000 1.48670000
-2.62230000 1.48360000
-2.62150000 1.47760000
-2.62120000 1.47450000
-2.62090000 1.47140000
-2.62070000 1.46840000
-2.62050000 1.46530000
-2.62030000 1.46230000
-2.62020000 1.45920000
-2.62010000 1.45610000
-2.62000000 1.45310000
-2.62000000 1.09190000
-2.62010000 1.08890000
-2.62020000 1.08580000
-2.62030000 1.08270000
-2.62050000 1.07970000
-2.62070000 1.07660000
-2.62090000 1.07360000
-2.62120000 1.07050000
-2.62150000 1.06740000
-2.62190000 1.06440000
-2.62230000 1.06140000
-2.62270000 1.05830000
-2.62320000 1.05530000
-2.62370000 1.05230000
-2.62420000 1.04920000
-2.62480000 1.04620000
-2.62540000 1.04320000
-2.62610000 1.04020000
-2.62680000 1.03720000
-2.62750000 1.03430000
-2.62910000 1.02830000
-2.62990000 1.02540000
-2.63080000 1.02240000
-2.63170000 1.01950000
-2.63260000 1.01660000
-2.63360000 1.01370000
-2.63460000 1.01080000
-2.63570000 1.00790000
-2.63680000 1.00500000
-2.63790000 1.00220000
-2.63821826 1.00136096
-2.63847107 1.00077107
-2.64237107 0.99237107
-2.64657107 0.98427107
-2.65107107 0.97617107
-2.65747107 0.96577107
-2.65917107 0.96317107
-2.66097107 0.96067107
-2.66267107 0.95807107
-2.66447107 0.95567107
-2.66807107 0.95067107
-2.67377107 0.94347107
-2.67577107 0.94107107
-2.67977107 0.93647107
-2.68187107 0.93417107
-2.68387107 0.93187107
-2.68597107 0.92967107
-2.68817107 0.92747107
-2.69027107 0.92527107
-2.69247107 0.92317107
-2.69467107 0.92097107
-2.69687107 0.91887107
-2.69917107 0.91687107
-2.70147107 0.91477107
-2.70607107 0.91077107
-2.70847107 0.90877107
-2.71567107 0.90307107
-2.72067107 0.89947107
-2.72307107 0.89767107
-2.72567107 0.89597107
-2.72817107 0.89417107
-2.73077107 0.89247107
-2.74117107 0.88607107
-2.74927107 0.88157107
-2.75737107 0.87737107
-2.76577107 0.87347107
-2.76636094 0.87321826
-2.76720000 0.87290000
-2.77000000 0.87180000
-2.77580000 0.86960000
-2.78160000 0.86760000
-2.78740000 0.86580000
-2.79040000 0.86490000
-2.79330000 0.86410000
-2.79930000 0.86250000
-2.80220000 0.86180000
-2.80820000 0.86040000
-2.81420000 0.85920000
-2.81730000 0.85870000
-2.82330000 0.85770000
-2.82640000 0.85730000
-2.83240000 0.85650000
-2.83860000 0.85590000
-2.84160000 0.85570000
-2.84470000 0.85550000
-2.84770000 0.85530000
-2.85390000 0.85510000
-2.85690000 0.85500000
-3.29810000 0.85500000
-3.30110000 0.85510000
-3.30730000 0.85530000
-3.31030000 0.85550000
