136.80186 -180.27758
137.53475969907407 -181.0162263252315
138.2671167592593 -181.75610310185183
138.99763812499998 -182.49821203124998
139.72503074074078 -183.24355481481484
140.4480015509259 -183.99313315393513
141.1652575 -184.74794875
141.87550553240743 -185.50900330439816
142.5774525925926 -186.2772985185185
143.269805625 -187.05383609375002
143.9512715740741 -187.8396177314815
144.62055738425926 -188.6356451331019
145.27637000000001 -189.44292000000002

145.27637000000001 -189.44292000000002
145.87824540466391 -190.22755853223592
146.4542295336077 -191.03122455418384
147.01081925925928 -191.8491737037037
147.55451145404663 -192.67666161865571
148.0918029903978 -193.50894393689987
148.62919074074074 -194.3412762962963
149.17317157750344 -195.16891433470508
149.73024237311387 -195.9871136899863
150.3069 -196.79113

150.3069 -196.79113
150.91903271604934 -197.58237562414266
151.5587854320988 -198.35368832647464
152.21559000000002 -199.11254185185186
152.87887827160498 -199.86640994513033
153.53808209876544 -200.622766351166
154.18263333333334 -201.3890848148148
154.8019638271605 -202.1728390809328
155.38550543209877 -202.98150289437586
155.92269000000002 -203.82255

155.92269000000002 -203.82255
156.44080776548034 -204.66322118923614
156.99908899884258 -205.51515097222222
157.5903718554688 -206.37744867187502
158.20749449074077 -207.24922361111115
158.8432950600405 -208.12958511284722
159.49061171875005 -209.0176425
160.14228262225117 -209.9125050954861
160.79114592592597 -210.81328222222226
161.43003978515625 -211.71908320312505
162.0518023553241 -212.62901736111107
162.64927179181134 -213.54219401909725
163.21528625000002 -214.4577225
163.742683885272 -215.3747121267361
164.22430285300928 -216.29227222222224
164.65298130859378 -217.20951210937503
165.0215574074074 -218.12554111111112
165.3228693048322 -219.03946855034724
165.54975515625003 -219.95040375000002
165.69505311704285 -220.85745603298614
165.75160134259264 -221.75973472222228
165.7122379882813 -222.65634914062503
165.56980120949078 -223.54640861111113
165.31712916160302 -224.42902245659724
164.94706000000002 -225.3033

164.94706000000002 -225.3033
164.48492650356877 -226.10616692993992
163.94127368144254 -226.8253387453043
163.32186757982723 -227.4652733480466
162.6324742449286 -228.03042864012016
161.8788597229527 -228.52526252347857
161.0667900601052 -228.95423290007514
160.2020313025921 -229.3217976718633
159.2903494966191 -229.63241474079638
158.3375106883922 -229.8905420088279
157.34928092411718 -230.1006373779113
156.33142625000002 -230.26715875000002
155.28971271224646 -230.39456402704735
154.2299063570624 -230.48731111100676
153.15777323065367 -230.5498579038317
152.07907937922616 -230.5866623074756
150.99959084898575 -230.6021822238918
149.92507368613826 -230.6008755550338
148.86129393688958 -230.587200202855
147.81401764744555 -230.56561406930882
146.78901086401203 -230.5405750563486
145.7920396327949 -230.5165410659279
144.82887000000002 -230.49797

144.82887000000002 -230.49797
143.82083753568745 -230.43977027798647
142.82357640120208 -230.3033669346356
141.83579098422243 -230.0998264312547
140.85618567242676 -229.840215229151
139.8834648534936 -229.53559978963182
138.91633291510146 -229.1970465740045
137.95349424492863 -228.83562204357625
136.99365323065365 -228.4623926596544
136.03551425995494 -228.08842488354622
135.0777817205109 -227.72478517655898
134.11916000000002 -227.38254

134.11916000000002 -227.38254
133.20276190000004 -227.06909204000004
132.28635840000007 -226.7530535200001
131.3712737 -226.43193947999995
130.45883200000003 -226.10326496
129.55035750000002 -225.76454500000003
128.64717440000004 -225.41329464
127.75060690000001 -225.04702892
126.86197920000004 -224.66326288000002
125.98261550000004 -224.25951156000002
125.11384000000002 -223.83329

125.11384000000002 -223.83329
124.25509615162038 -223.37086862847218
123.41659004629634 -222.8725290277778
122.59410734375004 -222.34579296875
121.78343370370374 -221.79818222222224
120.98035478587961 -221.23721855902772
120.18065625000001 -220.67042375
119.38012375578707 -220.10531956597222
118.57454296296298 -219.54942777777774
117.75969953125002 -219.01027015625
116.9313791203704 -218.49536847222225
116.08536739004633 -218.01224449652779
115.21745000000003 -217.56842

115.21745000000003 -217.56842
114.31596989481594 -217.13305172051085
113.4075787453043 -216.69341244177306
112.49184848234414 -216.25849413974456
111.56835103681445 -215.83728879038318
110.6366583395943 -215.43878836964686
109.69634232156277 -215.07198485349363
108.74697491359882 -214.7458702178813
107.78812804658155 -214.46943643876784
106.81937365138997 -214.2516754921112
105.8402836589031 -214.10157935386928
104.85043000000003 -214.02814

104.85043000000003 -214.02814
103.87815791358025 -214.046668079561
102.91320708641977 -214.1561216735254
101.95563566666672 -214.34290481481486
101.00550180246917 -214.59342153635117
100.06286364197534 -214.89407587105626
99.12777933333336 -215.23127185185186
98.2003070246914 -215.59141351165982
97.28050486419755 -215.96090488340192
96.36843100000003 -216.32615

96.36843100000003 -216.32615
95.42548418858003 -216.7302828625094
94.50409824417731 -217.18127752817426
93.59945317430505 -217.66864720510895
92.70672898647635 -218.18190510142753
91.82110568820437 -218.71056442524414
90.93776328700228 -219.2441383846732
90.05188179038319 -219.7721401878287
89.15864120586029 -220.28408304282496
88.2532215409467 -220.76948015777612
87.33080280315555 -221.2178447407964
86.38656500000003 -221.61869000000002

86.38656500000003 -221.61869000000002
85.43276012847222 -221.9711390162037
84.4684051944445 -222.29119546296297
83.49500121875003 -222.5834634375
82.51404922222227 -222.85254703703708
81.52705022569447 -223.10305035879625
80.53550525000003 -223.33957750000002
79.54091531597226 -223.5667325578704
78.54478144444447 -223.78911962962962
77.54860465625003 -224.0113428125
76.55388597222226 -224.23800620370375
75.56212641319448 -224.473713900463
74.57482700000003 -224.72307

74.57482700000003 -224.72307
73.59540215046299 -224.99353179398145
72.61963770370375 -225.28606185185188
71.64629931250003 -225.59324968750002
70.67415262962967 -225.90768481481484
69.70196330787037 -226.22195674768514
68.72849700000003 -226.52865500000001
67.75251935879633 -226.82036908564817
66.77279603703705 -227.08968851851853
65.78809268750003 -227.32920281250003
64.797174962963 -227.53150148148148
63.798808516203735 -227.68917403935188
62.79175900000003 -227.79481

62.79175900000003 -227.79481
61.83550507071005 -227.88277312144632
60.844111909170465 -227.99820804636246
59.82421234961366 -228.13265206298294
58.78243922627208 -228.27764245954222
57.72542537337809 -228.42471652427474
56.659803625164045 -228.5654115454148
55.5922068158624 -228.69126481119696
54.52926777970552 -228.79381360985565
53.47761935092583 -228.86459522962537
52.443894363755675 -228.89514695874033
51.434725652427495 -228.8770060854352
50.45674605117367 -228.80170989794436
49.516588394226595 -228.66079568450212
48.62088551581866 -228.44580073334305
47.776270250182264 -228.14826233270156
46.98937543154982 -227.75971777081207
46.2668338941537 -227.27170433590905
45.6152784722263 -226.67575931622684
45.04134200000003 -225.96342

45.04134200000003 -225.96342
44.56127332259394 -225.16532769293997
44.196987333114194 -224.34075110873678
43.94137253045125 -223.4918911876387
43.78731741349555 -222.620948869894
43.727710481137535 -221.73012509575085
43.755440232267624 -220.82162080545734
43.86339516577631 -219.89763693926196
44.04446378055399 -218.96037443741267
44.29153457549112 -218.01203424015785
44.59749604947814 -217.05481728774558
44.95523670140547 -216.0909245204241
45.35764503016359 -215.12255687844174
45.797609534642916 -214.1519153020465
46.268018713733895 -213.1812007314868
46.76176106632698 -212.21261410701078
47.27172509131259 -211.2483563688666
47.79079928758119 -210.29062845730255
48.311872154023206 -209.3416313125668
48.827832189529076 -208.40356587490754
49.331567892989256 -207.47863308457306
49.81596776329418 -206.5690338818115
50.27392029933429 -205.67696920687106
50.698314000000025 -204.80464

50.698314000000025 -204.80464
51.123750094814845 -203.93962922370372
51.57760779851855 -203.0898209896297
52.057726240000044 -202.25430344000006
52.56194454814818 -201.4321647170371
53.088101851851874 -200.622492962963
53.63403728000004 -199.82437632
54.19758996148151 -199.0369029303704
54.77659902518522 -198.25916093629633
55.368903600000024 -197.49023848000004
55.97234281481484 -196.72922370370372
56.58475579851854 -195.97520474962965
57.20398168000003 -195.22726976
57.82785958814818 -194.48450687703706
58.45422865185188 -193.74600424296298
59.08092800000003 -193.01085

59.08092800000003 -193.01085
59.73918359400003 -192.27555722
60.42693791200004 -191.56786336000008
61.13702535800002 -190.88104913999996
61.86228033600003 -190.20839528000002
62.595537250000035 -189.54318250000003
63.329630504000036 -188.87869152000002
64.05739450200002 -188.20820306
64.77166364800004 -187.52499784000003
65.46527234600003 -186.82235658000002
66.13105500000003 -186.09356

66.13105500000003 -186.09356
66.79513178717207 -185.30746915451897
67.43628937900877 -184.5024475218659
68.05844976384843 -183.68198717201162
68.6655349300292 -182.84958017492713
69.26146686588925 -182.00871860058308
69.85016755976679 -181.16289451895045
70.43555900000003 -180.3156

70.43555900000003 -180.3156
71.00072958000003 -179.51138078000002
71.57612932000004 -178.71120304000002
72.15487112000001 -177.91167065999994
72.73006788000004 -177.10938752
73.29483250000003 -176.30095749999998
73.84227788000004 -175.48298447999997
74.36551692000003 -174.65207233999996
74.85766252000003 -173.80482496
75.31182758000003 -172.93784621999998
75.72112500000003 -172.04773999999998

75.72112500000003 -172.04773999999998
76.06593264900003 -171.15948506
76.35825535200004 -170.25397208000004
76.60769274300002 -169.33432981999994
76.82384445600003 -168.40368704
77.01631012500002 -167.46517249999997
77.19468938400004 -166.52191496
77.36858186700003 -165.57704317999998
77.54758720800004 -164.63368592
77.74130504100003 -163.69497194000002
77.95933500000002 -162.76403

77.95933500000002 -162.76403
78.20792315552218 -161.77411893313294
78.45554892186327 -160.78386526671673
78.7032683395943 -159.79357648384672
78.95213744928628 -158.80356006761832
79.20321229151016 -157.81412350112691
79.45754890683699 -156.82557426746806
79.71620333583773 -155.83821984973702
79.98023161908341 -154.85236773102926
80.25068979714503 -153.86832539444026
80.52863391059356 -152.88640032306535
80.81512000000002 -151.90689999999998

80.81512000000002 -151.90689999999998
81.10172378700003 -150.94267364
81.38934353600004 -149.97822072000002
81.680178229 -149.01446847999995
81.97642684800003 -148.05234416
82.28028837500003 -147.09277499999996
82.59396179200004 -146.13668823999998
82.91964608100002 -145.18501111999998
83.25954022400003 -144.23867087999997
83.61584320300003 -143.29859476
83.99075400000002 -142.36570999999998

83.99075400000002 -142.36570999999998
84.34925959654396 -141.47938836964684
84.70027482193841 -140.5837648910593
85.05083287528176 -139.68425804658148
85.40796695567245 -138.78628631855744
85.77871026220888 -137.8952681893313
86.17009599398949 -137.01662214124718
86.58915735011271 -136.15576665664912
87.04292752967697 -135.31812021788127
87.53843973178064 -134.50910130728775
88.08272715552218 -133.7341284072126
88.68282300000003 -132.99862

88.68282300000003 -132.99862
89.34438965634959 -132.2560212972235
90.03182305553031 -131.5050744014565
90.74504618889397 -130.7570777469276
91.48398204779247 -130.02332976786525
92.24855362357764 -129.31512889849796
93.0386839076013 -128.64377357305418
93.85429589121533 -128.0205622257624
94.69531256577154 -127.45679329085115
95.56165692262178 -126.96376520254891
96.4532519531179 -126.55277639508418
97.37002064861178 -126.23512530268547
98.3118860004552 -126.02211035958123
99.27877100000003 -125.92502999999999

99.27877100000003 -125.92502999999999
100.25870401858604 -125.95070676020408
101.21896412827995 -126.09183836734695
102.15990798141402 -126.33738681122446
103.08189223032073 -126.67631408163265
103.98527352733237 -127.09758216836732
104.87040852478135 -127.59015306122447
105.73765387500003 -128.14298874999997
106.58736623032074 -128.7450512244898
107.41990224307584 -129.3853024744898
108.2356185655977 -130.0527044897959
109.0348718502187 -130.73621926020408
109.81801874927118 -131.4248087755102
110.58541591508748 -132.1074350255102
111.33742000000004 -132.77306

111.33742000000004 -132.77306
112.03729157024796 -133.42062229902325
112.70424942148762 -134.1018028549962
113.34093008264466 -134.81300851990983
113.94997008264467 -135.55064614575505
114.53400595041325 -136.31112258452288
115.09567421487608 -137.09084468820433
115.6376114049587 -137.88621930879034
116.16245404958681 -138.69365329827195
116.67283867768597 -139.5095535086401
117.17140181818185 -140.3303267918858
117.66078000000003 -141.15238

117.66078000000003 -141.15238
118.14991847667642 -141.99128171282803
118.62912516034993 -142.83759758017493
119.09733264577262 -143.6912601239067
119.55347352769684 -144.55220186588923
119.99648040087465 -145.42035532798832
120.42528586005832 -146.29565303206994
120.83882250000003 -147.17802749999998
121.23602291545194 -148.0674112536443
121.6158197011662 -148.9637368148688
121.97714545189507 -149.86693670553936
122.3189327623907 -150.77694344752186
122.64011422740528 -151.6936895626822
122.93962244169099 -152.61710757288625
123.21639000000003 -153.54712999999998

123.21639000000003 -153.54712999999998
123.44111949245543 -154.49145695473243
123.59661260631005 -155.44998489711932
123.70218629629633 -156.41878444444444
123.7771575171468 -157.39392621399176
123.84084322359399 -158.37148082304526
123.91256037037039 -159.34751888888889
124.01162591220853 -160.31811102880658
124.1573568038409 -161.27932786008228
124.36907000000004 -162.22724

124.36907000000004 -162.22724
124.63850691960934 -163.21498686701727
124.9218522990233 -164.20320832456795
125.22239806912098 -165.1888538392186
125.5434361607814 -166.1688728775357
125.88825850488354 -167.14021490608562
126.26015703230657 -168.09982939143498
126.6624236739294 -169.04466580015026
127.09835036063113 -169.9716735987979
127.57122902329078 -170.8778022539444
128.0843515927874 -171.76000123215627
128.64101000000002 -172.61522

128.64101000000002 -172.61522
129.24916879038318 -173.42644799398948
129.9122480916604 -174.1898930428249
130.62085684447786 -174.9138394740796
131.36560398948163 -175.6065716153268
132.1370984673178 -176.2763737941397
132.92594921863264 -176.93153033809165
133.72276518407213 -177.5803255747558
134.51815530428252 -178.23104383170548
135.30272851990986 -178.89196943651388
136.06709377160033 -179.57138671675432
136.80186000000003 -180.27758

136.80186000000003 -180.27758
136.80186 -180.27758

39.933797 -232.71466
40.510494408163275 -232.07332690962107
41.276908755102035 -231.45252466472306
42.167076653061216 -230.90651880466473
43.11503471428572 -230.4895748688047
44.0548195510204 -230.25595839650146
44.920467775510204 -230.2599349271137
45.646015999999996 -230.55577

45.646015999999996 -230.55577
46.14786249562683 -231.15087553935862
46.40893551603498 -231.96476084548107
46.463066647230306 -232.91983752186584
46.344087475218664 -233.9385171720117
46.08582958600583 -234.9432113994169
45.72212456559767 -235.85633180758018
45.286804 -236.60029

45.286804 -236.60029
44.674722111111116 -237.24241185185187
43.94081222222221 -237.68591814814812
43.129104999999996 -237.92382

43.129104999999996 -237.92382
42.28362455555556 -237.94913851851854
41.448410777777774 -237.75486814814815
40.667491 -237.33398

40.667491 -237.33398
40.02537018518519 -236.7218981481482
39.58186114814814 -235.98798518518515
39.343959 -235.17627

39.343959 -235.17627
39.318650185185184 -234.33079481481482
39.512931814814806 -233.49558185185185
39.933797 -232.71465999999998

39.933797 -232.71465999999998
39.933797 -232.71466

27.465109 -237.23911
28.135269725947527 -236.69617892128286
28.989578113702628 -236.20328504373182
29.954375049562678 -235.8036745481049
30.956001419825075 -235.5405936151604
31.920798110787175 -235.45728842565597
32.77510600874636 -235.5970051603499
33.445266000000004 -236.00299

33.445266000000004 -236.00299
33.84754849562684 -236.66944965014585
33.97771914868805 -237.51421250728865
33.881361708454804 -238.46595728862974
33.60405992419825 -239.4533627113703
33.19139754518951 -240.4051074927114
32.68895832069971 -241.24987034985423
32.142326000000004 -241.91633000000002

32.142326000000004 -241.91633000000002
31.437095740740748 -242.45448703703707
30.642700592592593 -242.77737962962965
29.803723000000005 -242.88501000000002

29.803723000000005 -242.88501000000002
28.96473970370371 -242.77737962962965
28.170341962962965 -242.45448703703704
27.465110000000006 -241.91633000000002

27.465110000000006 -241.91633000000002
26.926953037037045 -241.2110970370371
26.604059629629635 -240.41669962962965
26.496432000000006 -239.57772000000003

26.496432000000006 -239.57772000000003
26.604062037037046 -238.73874037037044
26.9269542962963 -237.94434296296296
27.465109000000005 -237.23911000000004

27.465109000000005 -237.23911000000004
27.465109 -237.23911

26.209326 -225.09685
26.958814134110792 -224.67005183673473
27.881869725947524 -224.3225528571428
28.89878455976676 -224.08505346938773
29.929850419825076 -223.98825408163265
30.89535909037901 -224.0628551020408
31.715602355685135 -224.3395569387755
32.310872 -224.84905999999998

32.310872 -224.84905999999998
32.59949381049564 -225.5720364139942
32.59064330029155 -226.426723148688
32.34088941399418 -227.35015501457724
31.90680109620992 -228.27936682215744
31.344947291545196 -229.1513933819242
30.71189694460642 -229.90326950437316
30.064219000000005 -230.47203

30.064219000000005 -230.47203
29.280903555555568 -230.8884177777778
28.44459344444445 -231.0779122222222
27.599278000000005 -231.04775999999998

27.599278000000005 -231.04775999999998
26.78894025925927 -230.80521000000002
26.057580074074078 -230.35750666666667
25.449185000000007 -229.71188999999998

25.449185000000007 -229.71188999999998
25.032797481481488 -228.9285711111111
24.84330218518519 -228.09225888888886
24.873456000000008 -227.24694

24.873456000000008 -227.24694
25.11600644444445 -226.4366048148148
25.56371155555556 -225.70524518518516
26.209326000000008 -225.09685

26.209326000000008 -225.09685
26.209326 -225.09685

38.463582 -241.33827
39.04973758309039 -240.70556874635577
39.825284460641406 -240.0962134402332
40.723460825072884 -239.56348390670556
41.677504868804675 -239.1606599708455
42.620654784256566 -238.94102145772595
43.4861487638484 -238.95784819241985
44.207225 -239.26442

44.207225 -239.26442
44.70018046064141 -239.86691166180768
44.94914072594752 -240.68458431486883
44.98908562099125 -241.64036017492708
44.85499497084549 -242.65716145772598
44.58184860058309 -243.65791037900877
44.20462633527697 -244.56552915451897
43.758308 -245.30294

43.758308 -245.30294
43.13676066666667 -245.93590333333339
42.39634666666666 -246.36846666666665
41.581196 -246.59429

41.581196 -246.59429
40.73543355555556 -246.60704851851852
39.90319644444444 -246.40039148148145
39.128612 -245.96797

39.128612 -245.96797
38.49564951851851 -245.34641814814816
38.06308548148148 -244.60600185185183
37.837261 -243.79085

37.837261 -243.79085
37.8245082962963 -242.94509148148148
38.031169370370364 -242.11285518518517
38.463581999999995 -241.33827

38.463581999999995 -241.33827
38.463582 -241.33827

49.598071 -241.13267
50.12626655685131 -240.45083626822162
50.84517312827988 -239.77558871720115
51.69297727988338 -239.16587638483958
52.607865577259474 -238.68064830903788
53.52802458600583 -238.37885352769678
54.391640871720114 -238.3194410787172
55.136900999999995 -238.56135999999998

55.136900999999995 -238.56135999999998
55.680970562682226 -239.118127638484
56.000930154518954 -239.91071539358597
56.12484013119533 -240.859266239067
56.0807608483965 -241.88392314868804
55.896752661807575 -242.90482909620988
55.600875927113705 -243.84212705539358
55.221191 -244.61595999999997

55.221191 -244.61595999999997
54.65776359259259 -245.30116777777775
53.958293740740736 -245.7972155555555
53.166183 -246.09390999999997

53.166183 -246.09390999999997
52.324824259259266 -246.18105074074074
51.47762774074073 -246.04843592592584
50.667990999999994 -245.68586999999997

50.667990999999994 -245.68586999999997
49.9827807037037 -245.12244296296296
49.486729962962954 -244.42297370370366
49.19003899999999 -243.63085999999996

49.19003899999999 -243.63085999999996
49.10289888888889 -242.7895033333333
49.23551144444444 -241.94230666666658
49.598071999999995 -241.13266999999996

49.598071999999995 -241.13266999999996
49.598071 -241.13267

35.276381 -224.23916
36.02697156851313 -223.81430180758022
36.950923670553934 -223.4691932361516
37.96844990087463 -223.23432758017492
38.99976285422741 -223.1401981341108
39.965075125364436 -223.21729819241983
40.7845993090379 -223.49612104956267
41.378548 -224.00716

41.378548 -224.00716
41.665296956268236 -224.73088402332365
41.65423381341109 -225.58554606413992
41.40209026822157 -226.50832822157435
40.96559801749272 -227.4364125947522
40.40148875801749 -228.30698128279883
39.76649418658893 -229.05721638483965
39.117346000000005 -229.6243

39.117346000000005 -229.6243
38.332954740740746 -230.0386603703704
37.4961565925926 -230.22598962962962
36.65092200000001 -230.19365

36.65092200000001 -230.19365
35.841215555555564 -229.94900259259256
35.11101711111112 -229.49940407407405
34.50429600000001 -228.85220999999999

34.50429600000001 -228.85220999999999
34.08993711111113 -228.0678185185185
33.90260755555556 -227.2310181481481
33.93495000000001 -226.38577999999998

33.93495000000001 -226.38577999999998
34.17959685185186 -225.57607777777778
34.62919348148149 -224.84588222222217
35.27638100000001 -224.23915999999997

35.27638100000001 -224.23915999999997
35.276381 -224.23916

30.415537 -214.92434
31.10344683381925 -214.40408040816334
31.97373154810496 -213.93997714285712
32.95132953352769 -213.57279346938773
33.96117918075802 -213.3432926530612
34.928218880466474 -213.29223795918367
35.77738702332361 -213.46039265306126
36.433622 -213.88852

36.433622 -213.88852
36.81343433819244 -214.5680351895044
36.91533495043731 -215.41667131195334
36.78726280466472 -216.364668483965
36.47715686880467 -217.34226682215743
36.032956110787175 -218.2797064431487
35.50259949854228 -219.10722746355685
34.934026 -219.75507

34.934026 -219.75507
34.2112248888889 -220.2693892592593
33.40649444444444 -220.56558407407402
32.564392000000005 -220.64515

32.564392000000005 -220.64515
31.729468962962972 -220.50955518518518
30.946291703703707 -220.16033814814813
30.259416000000005 -219.59895

30.259416000000005 -219.59895
29.74509907407408 -218.87614555555555
29.44890192592593 -218.07141444444443
29.369339000000004 -217.22931

29.369339000000004 -217.22931
29.50491285185186 -216.39438962962967
29.854141814814817 -215.6112137037037
30.415537000000004 -214.92434

30.415537000000004 -214.92434
30.415537 -214.92434

37.899895 -199.93986
38.6915482857143 -199.59755154518956
39.64705985714286 -199.35304134110788
40.68384314285714 -199.22813212827987
41.71931157142858 -199.24462664723035
42.670878571428574 -199.424327638484
43.45595757142858 -199.78903784256562
43.991962 -200.36056000000002

43.991962 -200.36056000000002
44.19981899125366 -201.11075699708462
44.097588705539366 -201.95935434402332
43.74838411078717 -202.84994871720116
43.21531817492712 -203.72613679300298
42.561503865889215 -204.53151524781345
41.8500541516035 -205.20968075801753
41.144082 -205.70423000000002

41.144082 -205.70423000000002
40.31994218518519 -206.03249222222226
39.46792881481481 -206.12942777777778
38.630975 -206.00705000000002

38.630975 -206.00705000000002
37.85200970370371 -205.67737111111114
37.17397529629629 -205.15239888888888
36.639804 -204.44414000000003

36.639804 -204.44414000000003
36.311542185185196 -203.6199996296297
36.214606814814815 -202.76798370370372
36.336988999999996 -201.93103000000002

36.336988999999996 -201.93103000000002
36.66666885185185 -201.15206518518522
37.19164114814814 -200.4740314814815
37.899894999999994 -199.93986

37.899894999999994 -199.93986
37.899895 -199.93986

39.269853 -209.56897
39.99029377259476 -209.09478116618084
40.88904938483965 -208.68854749271136
41.888554635568504 -208.38603965014573
42.91124432361516 -208.22302830903794
43.87955324781341 -208.23528413994168
44.715916206997086 -208.4585778134111
45.342768 -208.92868

45.342768 -208.92868
45.677358650145784 -209.63156731778432
45.72357875218658 -210.48505078717199
45.53382396209912 -211.42265268221573
45.16048993586006 -212.37789527696796
44.655972329446065 -213.28430084548106
44.07266679883382 -214.0753916618076
43.462969 -214.68469000000002

43.462969 -214.68469000000002
42.708100148148155 -215.15066740740744
41.885732185185184 -215.39363592592593
41.04023 -215.418

41.04023 -215.418
40.21595207407408 -215.22813740740744
39.45727325925925 -214.8284725925926
38.808556 -214.22339

38.808556 -214.22339
38.34257785185186 -213.46852074074073
38.099607481481485 -212.64614925925923
38.075250000000004 -211.80064

38.075250000000004 -211.80064
38.26510211111112 -210.9763677777778
38.66476822222222 -210.2176888888889
39.269853000000005 -209.56896999999998

39.269853000000005 -209.56896999999998
39.269853 -209.56897

46.648373 -193.06383
47.44512912244899 -192.73357486880474
48.40424071428572 -192.50359303206994
49.442799897959176 -192.39443125364429
50.47789879591837 -192.42663629737615
51.42662953061225 -192.6207549271137
52.2060842244898 -192.99733390670553
52.733355 -193.57692

52.733355 -193.57692
52.92980479008748 -194.33018463556857
52.814709565597674 -195.17713341107873
52.4520310058309 -196.06232720116617
51.90573079008747 -196.9303268804665
51.23977059766764 -197.72569332361516
50.51811210787173 -198.39298740524782
49.804717000000004 -198.87677

49.804717000000004 -198.87677
48.97569111111112 -199.19248740740744
48.122305222222224 -199.27648259259257
47.287306 -199.14141999999998

47.287306 -199.14141999999998
46.51343148148149 -198.79995296296298
45.84344051851852 -198.26475037037034
45.320078 -197.54846999999998

45.320078 -197.54846999999998
45.00435985185186 -196.7194411111111
44.920364148148145 -195.8660522222222
45.055432 -195.03105

45.055432 -195.03105
45.39689448148149 -194.25718111111112
45.93209518518518 -193.5871922222222
46.64837300000001 -193.06383

46.64837300000001 -193.06383
46.648373 -193.06383

54.240799 -185.0823
55.02955177842566 -184.73335877551025
55.9829777580175 -184.48083755102041
57.01867626239067 -184.34723142857143
58.05424661516035 -184.3550355102041
59.00728813994169 -184.5267448979592
59.79540016034986 -184.88485469387757
60.336182 -185.45186

60.336182 -185.45186
60.55032770553937 -186.20028466472309
60.45522258309038 -187.0497099708455
60.11350413119533 -187.94320431486878
59.58780984839652 -188.82383609329452
58.940777233236155 -189.63467370262393
58.235043784256575 -190.31878553935863
57.533247 -190.81924

57.533247 -190.81924
56.71189085185186 -191.15440962962964
55.860721148148144 -191.25849037037037
55.022771000000006 -191.14314000000002

55.022771000000006 -191.14314000000002
54.241065592592605 -190.82000851851856
53.558649074074076 -190.30074148148148
53.018553000000004 -189.59699

53.018553000000004 -189.59699
52.68338666666668 -188.77563592592594
52.57930433333333 -187.92446407407408
52.694658000000004 -187.08651

52.694658000000004 -187.08651
53.0177895925926 -186.30480888888889
53.537053407407406 -185.6223944444444
54.240799 -185.0823

54.240799 -185.0823
54.240799 -185.0823

54.899496 -232.45193
55.46108212244899 -231.79732323615164
56.212812408163266 -231.15881833819242
57.09000673469387 -230.59220411078715
58.027984979591835 -230.1532693586006
58.962067020408156 -229.89780288629737
59.827572734693874 -229.8815934985423
60.559822 -230.16043

60.559822 -230.16043
61.07540818658893 -230.7436720116619
61.35538773760933 -231.55124895043733
61.4317738542274 -232.50480431486875
61.33657973760933 -233.52598160349856
61.101818588921276 -234.5364243148688
60.75950360932944 -235.4577759475219
60.341648 -236.21168

60.341648 -236.21168
59.74470596296297 -236.86790111111117
59.02133703703703 -237.3284022222222
58.215396999999996 -237.58517

58.215396999999996 -237.58517
57.370737111111126 -237.6301803703704
56.53122055555555 -237.4554196296296
55.7407 -237.05289000000002

55.7407 -237.05289000000002
55.08448133333334 -236.45594185185192
54.623979999999996 -235.7325714814815
54.367216 -234.92663000000002

54.367216 -234.92663000000002
54.32219940740742 -234.08197222222225
54.49695325925926 -233.24245444444443
54.899496 -232.45193

54.899496 -232.45193
54.899496 -232.45193

62.916826 -237.89122
63.38994340233237 -237.1700757434403
64.05370121865889 -236.44054635568514
64.85109757725947 -235.76624548104957
65.725130606414 -235.2107867638484
66.61879843440234 -234.8377838483965
67.47509918950438 -234.71085037900875
68.237031 -234.8936

68.237031 -234.8936
68.82307346647231 -235.40600250728866
69.20418309912537 -236.17106903790088
69.40207339067055 -237.10698810495623
69.43845783381924 -238.13194822157436
69.33504992128279 -239.1641379008746
69.11356314577259 -240.12174565597667
68.795711 -240.92296

68.795711 -240.92296
68.28773462962963 -241.65022851851853
67.62930537037036 -242.1995881481481
66.86289099999999 -242.55747

66.86289099999999 -242.55747
66.0309541111111 -242.71029740740744
65.17596922222221 -242.64450925925925
64.34040099999999 -242.34653

64.34040099999999 -242.34653
63.61312925925925 -241.8385503703704
63.063769740740725 -241.18011962962962
62.70589399999999 -240.4137

62.70589399999999 -240.4137
62.553062962962954 -239.58176814814817
62.618850370370346 -238.72678518518518
62.916825999999986 -237.89122

62.916825999999986 -237.89122
62.916826 -237.89122

70.081044 -231.67689
70.53117838192422 -230.94118096209917
71.17159379008747 -230.191077696793
71.94732333236152 -229.49196026239062
72.80340011661809 -228.90920871720118
73.68485725072887 -228.50820311953353
74.5367278425656 -228.3543235276968
75.304045 -228.51295

75.304045 -228.51295
75.90595909329448 -229.0066059475219
76.31101227696794 -229.7592661516035
76.53832662099126 -230.68847486880463
76.6070241953353 -231.71177635568512
76.53622706997085 -232.74671486880467
76.34505731486881 -233.71083466472305
76.052637 -234.52168

76.052637 -234.52168
75.56785451851853 -235.26460962962966
74.92708181481481 -235.8344637037037
74.17233800000001 -236.21634

74.17233800000001 -236.21634
73.34563559259261 -236.39533629629634
72.48900074074075 -236.35655037037034
71.64444900000001 -236.08508

71.64444900000001 -236.08508
70.90151570370372 -235.6002966666667
70.33165996296296 -234.95952
69.949786 -234.20477

69.949786 -234.20477
69.77078874074074 -233.37807370370373
69.80957392592592 -232.5214396296296
70.081044 -231.67689

70.081044 -231.67689
70.081044 -231.67689

79.560297 -229.61357
79.96044916909624 -228.84952174927122
80.54950182215744 -228.0584435860058
81.27696303498543 -227.30922967930027
82.09234088338192 -226.67077419825077
82.9451434431487 -226.2119713119534
83.78487879008748 -226.0017151895044
84.56105500000001 -226.1089

84.56105500000001 -226.1089
85.19450090670556 -226.56138688046653
85.64876727405249 -227.28541014577257
85.937443787172 -228.1974237317784
86.07412013119534 -229.21388157434404
86.07238599125367 -230.25123760932945
85.94583105247816 -231.22594577259477
85.70804500000001 -232.05446

85.70804500000001 -232.05446
85.27380085185187 -232.82801592592594
84.67239181481483 -233.43926740740739
83.94474900000002 -233.87055

83.94474900000002 -233.87055
83.13179729629633 -234.1041892592593
82.27448003703705 -234.12251074074072
81.41372900000002 -233.90785

81.41372900000002 -233.90785
80.64016729629633 -233.47360185185187
80.02891270370372 -232.87218481481477
79.59763300000002 -232.14453

79.59763300000002 -232.14453
79.36399203703705 -231.3315892592593
79.34565729629631 -230.47427740740738
79.56029300000002 -229.61353

79.56029300000002 -229.61353
79.560297 -229.61357

177.70266 -239.67478
177.15972892128286 -239.00461895043733
176.6668350437318 -238.15031037900874
176.26722454810493 -237.1855132944606
176.00414361516036 -236.18388670553935
175.92083842565597 -235.21908962099124
176.06055516034988 -234.36478104956268
176.46654 -233.69462

176.46654 -233.69462
177.13299965014582 -233.2923386588922
177.97776250728867 -233.16217253644314
178.92950728862974 -233.25853562682215
179.9169127113703 -233.53584192419822
180.86865749271138 -233.9485054227405
181.71342034985423 -234.45094011661809
182.37988 -234.99756

182.37988 -234.99756
182.91803703703707 -235.70279259259263
183.24092962962965 -236.4971874074074
183.34856000000002 -237.33616

183.34856000000002 -237.33616
183.24092962962968 -238.17514666666668
182.91803703703704 -238.96954666666664
182.37988 -239.67478

182.37988 -239.67478
181.67464703703706 -240.21293222222226
180.88024962962962 -240.53582444444442
180.04127000000003 -240.64345

180.04127000000003 -240.64345
179.2022903703704 -240.5358244444445
178.40789296296296 -240.2129322222222
177.70266000000004 -239.67478

177.70266000000004 -239.67478
177.70266 -239.67478

164.71308 -237.74046
164.2173879883382 -237.03464069970852
163.7842443148688 -236.14853906705542
163.45174180758013 -235.1586066472303
163.25797329446067 -234.1412949854228
163.24103160349853 -233.1730556268222
163.4390095626822 -232.33034011661812
163.89 -231.6896

163.89 -231.6896
164.58248052478135 -231.33397647230328
165.4341821574344 -231.26205463556855
166.37707784256554 -231.4234647521866
167.34314052478135 -231.76783708454815
168.264343148688 -232.2448018950438
169.07265865889212 -232.80398944606418
169.70005999999998 -233.39503000000002

169.70005999999998 -233.39503000000002
170.18858333333333 -234.1355103703704
170.4562333333333 -234.95017962962964
170.50606999999997 -235.79456000000002

170.50606999999997 -235.79456000000002
170.34113037037034 -236.6241866666667
169.96452629629624 -237.3945733333333
169.37927999999997 -238.06124000000003

169.37927999999997 -238.06124000000003
168.63879962962963 -238.54975851851856
167.82413037037034 -238.81740814814816
166.97974999999997 -238.86724000000004

166.97974999999997 -238.86724000000004
166.1501259259259 -238.70234518518524
165.37974407407404 -238.32572148148148
164.71307999999996 -237.74046000000004

164.71307999999996 -237.74046000000004
164.71308 -237.74046

174.22416 -229.70117
173.55973320699712 -229.15123827988342
172.9080468804665 -228.41090766763847
172.32602352769678 -227.54386212827984
171.87058565597673 -226.6137856268222
171.59865577259475 -225.68436212827987
171.56715638483965 -224.81927559766766
171.83301 -224.08221

171.83301 -224.08221
172.4070500583091 -223.5564005830904
173.20955454810496 -223.26220078717205
174.1616127988338 -223.16898472303205
175.1843141399417 -223.24612650145775
176.19874790087465 -223.46300023323613
177.12600341107873 -223.78898002915454
177.88717 -224.19344

177.88717 -224.19344
178.55383444444448 -224.7786944444445
179.02704555555556 -225.49381555555556
179.29801 -226.29509000000002

179.29801 -226.29509000000002
179.3579492592593 -227.13882629629632
179.19805740740742 -227.98130037037038
178.80953 -228.77881000000002

178.80953 -228.77881000000002
178.2242751851852 -229.44546740740742
177.50915148148147 -229.91867592592592
176.70786999999999 -230.18964000000003

176.70786999999999 -230.18964000000003
175.86414518518518 -230.2495796296297
175.02167148148146 -230.0896903703704
174.22415999999998 -229.70117000000002

174.22415999999998 -229.70117000000002
174.22416 -229.70117

179.09353 -220.70462
178.43706107871725 -220.14521104956273
177.7960614868805 -219.39560594752186
177.22653483965013 -218.52029874635565
176.7844847521866 -217.5837834985423
176.52591483965014 -216.65055425655976
176.50682871720113 -215.78510507288632
176.78322999999997 -215.05193

176.78322999999997 -215.05193
177.36475591836736 -214.53441078717205
178.17139938775506 -214.25175466472305
179.12469755102035 -214.1722067638484
180.1461875510204 -214.26401221574346
181.15740653061223 -214.49541615160354
182.07989163265307 -214.8346637026239
182.83517999999998 -215.25

182.83517999999998 -215.25
183.49337555555556 -215.8447581481482
183.95627777777776 -216.56659185185185
184.21571999999998 -217.37167

184.21571999999998 -217.37167
184.26363925925924 -218.2161818518519
184.09177407407404 -219.05627814814812
183.69165999999998 -219.84813

183.69165999999998 -219.84813
183.09690148148147 -220.5063251851852
182.37506518518515 -220.9692248148148
181.56998 -221.22866

181.56998 -221.22866
180.7254751851852 -221.2765888888889
179.88538148148146 -221.1047244444444
179.09353 -220.70461999999998

179.09353 -220.70461999999998
179.09353 -220.70462

167.57924 -217.42934
166.92886469387759 -216.86285906705544
166.29601795918367 -216.1063598833819
165.7360014285714 -215.22493930029154
165.3041167346939 -214.2836941690962
165.05566551020408 -213.3477213411079
165.04594938775512 -212.4821176676385
165.33026999999998 -211.75198

165.33026999999998 -211.75198
165.91736600583093 -211.24078483965022
166.72702335276966 -210.9668758600583
167.68112746355683 -210.89765067055393
168.70156376093294 -211.0005068804665
169.71021766763846 -211.24284209912537
170.628974606414 -211.59205393586006
171.37972 -212.01554000000002

171.37972 -212.01554000000002
172.03144185185187 -212.61739407407413
172.48650148148147 -213.34419925925926
172.73721 -214.15204000000003

172.73721 -214.15204000000003
172.77588888888891 -214.99701407407412
172.5948411111111 -215.83519925925924
172.18638 -216.62268000000003

172.18638 -216.62268000000003
171.5845255555556 -217.2743970370371
170.85771777777776 -217.7294562962963
170.04987000000003 -217.98016000000004

170.04987000000003 -217.98016000000004
169.20490296296302 -218.01884370370377
168.3667203703704 -217.8377962962963
167.57924000000003 -217.42934000000005

167.57924000000003 -217.42934000000005
167.57924 -217.42934

171.09123 -207.74619
170.49400218658897 -207.12393157434408
169.9311895335277 -206.3139768804665
169.45206393586002 -205.38609822157434
169.10589728862976 -204.41006790087465
168.94196148688047 -203.45565822157437
169.009528425656 -202.5926414868805
169.35787 -201.89079

169.35787 -201.89079
169.98824064139947 -201.4340263848397
170.81910941690958 -201.23346311953355
171.77558303206993 -201.24965728862972
172.78276819241984 -201.4431659766764
173.76577160349854 -201.7745462682216
174.64969997084546 -202.20435524781345
175.35966 -202.69315

175.35966 -202.69315
175.95507333333333 -203.35075925925926
176.34345999999996 -204.1152707407407
176.52107999999998 -204.94226

176.52107999999998 -204.94226
176.48420333333334 -205.78731962962968
176.22907999999998 -206.6060037037037
175.75196999999997 -207.35389

175.75196999999997 -207.35389
175.09436037037037 -207.94929629629632
174.32984629629624 -208.33768037037035
173.50284999999997 -208.5153

173.50284999999997 -208.5153
172.6577974074074 -208.47842111111112
171.83911592592585 -208.22329555555552
171.09122999999997 -207.74618999999998

171.09122999999997 -207.74618999999998
171.09123 -207.74619

160.58668 -205.75933
159.93630469387756 -205.19284906705545
159.30345795918367 -204.43634988338195
158.74344142857143 -203.55492930029152
158.3115567346939 -202.61368416909622
158.0631055102041 -201.67771134110788
158.05338938775512 -200.8121076676385
158.33771000000002 -200.08197

158.33771000000002 -200.08197
158.92480600583093 -199.57077483965023
159.7344633527697 -199.29686586005832
160.68856746355686 -199.22764067055394
161.70900376093297 -199.33049688046648
162.7176576676385 -199.5728320991254
163.636414606414 -199.92204393586007
164.38716000000002 -200.34553000000002

164.38716000000002 -200.34553000000002
165.0388818518519 -200.94738407407417
165.4939414814815 -201.67418925925926
165.74465000000004 -202.48203000000004

165.74465000000004 -202.48203000000004
165.78332888888892 -203.32700407407415
165.60228111111113 -204.1651892592593
165.19382000000004 -204.95267000000004

165.19382000000004 -204.95267000000004
164.59196555555562 -205.60438703703713
163.8651577777778 -206.05944629629636
163.05731000000006 -206.31015000000005

163.05731000000006 -206.31015000000005
162.21234296296305 -206.34883370370378
161.37416037037042 -206.16778629629636
160.58668000000006 -205.75933000000006

160.58668000000006 -205.75933000000006
160.58668 -205.75933

162.95873 -197.07053
162.34310897959188 -196.46646335276972
161.75625734693875 -195.6737523323615
161.24951795918366 -194.76066032069969
160.8742336734694 -193.79545069970845
160.68174734693878 -192.84638685131193
160.7234018367347 -191.9817321574344
161.05054 -191.26975

161.05054 -191.26975
161.6669245189505 -190.7942836734694
162.49140268221578 -190.56889
163.44793139941692 -190.55638979591836
164.46046758017494 -190.71960387755104
165.4529681341108 -191.0213530612245
166.3493899708455 -191.4244581632653
167.07369 -191.89174

167.07369 -191.89174
167.6885577777778 -192.53119037037038
168.0996988888889 -193.2837096296296
168.30204 -194.105

168.30204 -194.105
168.29054185185186 -194.95078481481485
168.06008148148146 -195.77675185185183
167.60561 -196.53860999999998

167.60561 -196.53860999999998
166.96615222222226 -197.15347333333332
166.2136277777778 -197.56461666666667
165.39233000000002 -197.76695999999998

165.39233000000002 -197.76695999999998
164.54655888888894 -197.75545962962963
163.72059444444443 -197.524997037037
162.95873 -197.07053

162.95873 -197.07053
162.95873 -197.07053

152.05546 -193.66429
151.38324361516038 -193.12390137026244
150.7210481049563 -192.39295116618072
150.12669965014575 -191.53430434402327
149.6580244314869 -190.61082586005833
149.37284862973763 -189.68538067055397
149.32899842565598 -188.82083373177844
149.5843 -188.08005

149.5843 -188.08005
150.15077029154526 -187.54609693877555
150.94899049562684 -187.24046836734695
151.8996203206997 -187.13366877551022
152.9233194752187 -187.19620265306122
153.9407476676385 -187.39857448979592
154.87256460641402 -187.7112887755102
155.63943 -188.10485

155.63943 -188.10485
156.3143851851852 -188.6805303703704
156.79775814814815 -189.38881962962964
157.08014 -190.18614

157.08014 -190.18614
157.15211074074077 -191.02893444444445
157.0042725925926 -191.87360888888884
156.62719 -192.67659

156.62719 -192.67659
156.0515140740741 -193.35153555555559
155.34322259259258 -193.83490777777774
154.54590000000002 -194.11728

154.54590000000002 -194.11728
153.70310592592597 -194.18925111111113
152.8584340740741 -194.04141555555555
152.05546 -193.66433999999998

152.05546 -193.66433999999998
152.05546 -193.66429

128.68106 -233.67518
128.25520090379013 -232.92515717201172
127.90885825072887 -232.00166717201168
127.67263256559767 -230.98445629737606
127.57712437317785 -229.9532708454811
127.65293419825073 -228.98785711370263
127.93066256559769 -228.16796139941692
128.44091 -227.57333

128.44091 -227.57333
129.16424921282803 -227.28561574344027
130.0189237026239 -227.29554084548107
130.94204017492712 -227.54645568513118
131.87070533527697 -227.98171064139945
132.74202588921284 -228.54465609329446
133.49310854227406 -229.1786424198251
134.06106 -229.82702

134.06106 -229.82702
134.47646703703705 -230.61085629629628
134.6649162962963 -231.44740370370369
134.63371 -232.29268000000002

134.63371 -232.29268000000002
134.39014000000003 -233.10271333333336
133.94151666666667 -233.83351333333337
133.29514 -234.4411

133.29514 -234.4411
132.51130370370373 -234.85650222222225
131.67475629629627 -235.0449511111111
130.82948 -235.01374

130.82948 -235.01374
130.01944666666668 -234.7701770370371
129.28864666666664 -234.3215562962963
128.68106 -233.67518

128.68106 -233.67518
128.68106 -233.67518

137.76201 -237.69616
137.31184880466478 -236.9604661807581
136.93548778425657 -236.04879638483965
136.66611935860058 -235.03985381924196
136.5369359475219 -234.01234169096213
136.58112997084547 -233.0449632069971
136.8318938483965 -232.21642157434403
137.32242 -231.60541999999998

137.32242 -231.60541999999998
138.03596250728864 -231.294202973761
138.89050536443148 -231.27617113702624
139.82133586005827 -231.49676192419818
140.76374128279883 -231.9014127696793
141.65300892128278 -232.4355611078717
142.42442606413994 -233.04464437317785
143.01327999999998 -233.67409999999998

143.01327999999998 -233.67409999999998
143.4541 -234.4439314814815
143.66980666666666 -235.27386518518514
143.66626 -236.11970999999997

143.66626 -236.11970999999997
143.44931222222223 -236.93727777777778
143.0248311111111 -237.6823588888888
142.39866999999998 -238.31075999999996

142.39866999999998 -238.31075999999996
141.62884037037034 -238.75157518518517
140.7988996296296 -238.9672814814814
139.95305 -238.96372999999997

139.95305 -238.96372999999997
139.13548925925926 -238.74679407407407
138.39041074074072 -238.32231592592592
137.76201 -237.69615999999996

137.76201 -237.69615999999996
137.76201 -237.69616

148.68377 -238.81699
148.1914590379009 -238.1088094752187
147.7625574052478 -237.2206478425656
147.43479198250728 -236.2291378717201
147.24588965014578 -235.21091233236152
147.23357728862976 -234.24260399416912
147.43558177842567 -233.40084562682216
147.88963 -232.76227

147.88963 -232.76227
148.58380259475223 -232.40995845481052
149.43583851311953 -232.34210743440235
150.37795209912537 -232.508022361516
151.34235769679302 -232.85700865889217
152.26126965014578 -233.33837174927112
153.06690230320703 -233.90141705539358
153.69147 -234.49545

153.69147 -234.49545
154.17644592592595 -235.23825888888894
154.44019740740742 -236.05420111111107
154.48600000000002 -236.89881

154.48600000000002 -236.89881
154.31711296296302 -237.7276403703704
153.9368237037037 -238.49621296296294
153.34839000000002 -239.16007

153.34839000000002 -239.16007
152.60558074074078 -239.64504333333332
151.78963592592595 -239.90879666666666
150.94502000000003 -239.95459

150.94502000000003 -239.95459
150.11619666666672 -239.78570333333334
149.34762666666668 -239.40541666666664
148.68377000000004 -238.81699

148.68377000000004 -238.81699
148.68377 -238.81699

157.10441 -243.24072
156.6488628571429 -242.50835005830908
156.2658226530612 -241.59946781341108
155.98905836734693 -240.5925303498542
155.85233897959185 -239.5659947521866
155.88943346938774 -238.59831810495626
156.13411081632654 -237.7679574927114
156.62014 -237.15337000000002

156.62014 -237.15337000000002
157.33137580174932 -236.83692545189513
158.18576110787174 -236.8126230029155
159.11818419825067 -237.02637658892127
160.0635333527697 -237.42410014577266
160.95669685131196 -237.95170760932947
161.73256297376093 -238.55511291545193
162.32602 -239.18023000000002

162.32602 -239.18023000000002
162.77247962962966 -239.94680333333338
162.99427037037034 -240.77513000000002
162.99693 -241.62097000000003

162.99693 -241.62097000000003
162.7859948148148 -242.44011407407413
162.36699518518515 -243.18829592592596
161.74545999999998 -243.82128000000003

161.74545999999998 -243.82128000000003
160.97888592592594 -244.267725925926
160.15055407407402 -244.48952074074077
159.30469999999997 -244.49218000000002

159.30469999999997 -244.49218000000002
158.48557 -244.2812451851852
157.7373933333333 -243.86224148148148
157.10440999999997 -243.24072

157.10440999999997 -243.24072
157.10441 -243.24072

101.11102 -99.385017
101.02105492128284 -100.24280009329448
100.76549634985423 -101.1954143586006
100.36584928279882 -102.1601954169096
99.84361871720117 -103.05447888921285
99.22030965014577 -103.79560039650146
98.51742707871719 -104.30089555976676
97.75647599999999 -104.4877

97.75647599999999 -104.4877
97.00076197376096 -104.30089765889215
96.31138305539356 -103.79560127113703
95.70653684256558 -103.05447679008745
95.2044209329446 -102.16019016909623
94.82323292419824 -101.19540736151603
94.58117041399416 -100.24279432069972
94.49643099999999 -99.385017

94.49643099999999 -99.385017
94.61457137037037 -98.50580440740741
94.94797396296295 -97.71576292592593
95.465111 -97.046417

95.465111 -97.046417
96.13447011111111 -96.52926966666669
96.9245152222222 -96.19586366666667
97.803725 -96.077723

97.803725 -96.077723
98.68293333333334 -96.19586885185187
99.47297766666665 -96.52927381481481
100.14233 -97.046419

100.14233 -97.046419
100.6594740740741 -97.7157701851852
100.99287592592592 -98.50581114814814
101.11102 -99.385017

101.11102 -99.385017
101.11102 -99.385017

90.950567 -105.22377
91.099110728863 -106.07337376093295
91.11438670845482 -107.05955641399416
90.9944238425656 -108.09692501457725
90.73725103498543 -109.1000866180758
90.34089718950437 -109.98364827988338
89.80339120991255 -110.6622170553936
89.12276200000001 -111.0504

89.12276200000001 -111.0504
88.34478640524785 -111.07784297376097
87.54332752769679 -110.78080542274053
86.75853979883382 -110.23380192419823
86.03057765014579 -109.51134705539359
85.39959551311955 -108.687955393586
84.90574781924198 -107.83814151603498
84.589189 -107.03641999999999

84.589189 -107.03641999999999
84.46187033333335 -106.15848666666666
84.56600966666667 -105.30731999999998
84.879925 -104.52188

84.879925 -104.52188
85.38194422222223 -103.84110703703706
86.05038011111111 -103.30396296296296
86.863558 -102.94941

86.863558 -102.94941
87.7414861851852 -102.82210074074075
88.59265214814813 -102.92624259259259
89.378097 -103.24016

89.378097 -103.24016
90.05887151851853 -103.74216925925927
90.59601114814814 -104.41060074074073
90.95056699999999 -105.22377

90.95056699999999 -105.22377
90.950567 -105.22377

109.49699 -105.51333
109.19211930029158 -106.3201412244898
108.70299909620991 -107.17661653061224
108.07142437317783 -108.00826408163263
107.33919011661808 -108.74059204081634
106.54809131195334 -109.29910857142858
105.73992294460642 -109.6093218367347
104.95648 -109.59674

104.95648 -109.59674
104.27298760932946 -109.22413131195337
103.73454495626822 -108.56031865889213
103.33775810495627 -107.68987930029154
103.07923311953353 -106.69739049562682
102.95557606413993 -105.66742950437317
102.96339300291547 -104.68457358600583
103.09929 -103.8334

103.09929 -103.8334
103.43685074074075 -103.01301703703705
103.95996925925925 -102.33355629629628
104.63015 -101.8175

104.63015 -101.8175
105.40889703703705 -101.48730814814814
106.25771296296296 -101.36548518518518
107.1381 -101.47452

107.1381 -101.47452
107.95847407407408 -101.81208555555557
108.63793925925924 -102.33520444444444
109.154 -103.00538999999999

109.154 -103.00538999999999
109.48419000000001 -103.78413666666667
109.60601333333331 -104.63294999999998
109.49699 -105.51333

109.49699 -105.51333
109.49699 -105.51333

100.73263 -112.97759
100.6426645889213 -113.83537568513123
100.38710516034985 -114.78799180758018
99.98745692128279 -115.75277411078716
99.46522507871722 -116.64705833819244
98.84191483965014 -117.38818023323616
98.13903141107872 -117.8934755393586
97.37808 -118.08028

97.37808 -118.08028
96.62236597376095 -117.893477638484
95.93298705539358 -117.38818110787173
95.32814084256557 -116.64705623906704
94.82602493294462 -115.75276886297378
94.44483692419826 -114.78798481049563
94.20277441399416 -113.83536991253645
94.11803499999999 -112.97759

94.11803499999999 -112.97759
94.23617537037038 -112.09837740740743
94.56957796296295 -111.30833592592592
95.086715 -110.63899

95.086715 -110.63899
95.75607411111113 -110.1218437037037
96.54611922222222 -109.78843962962962
97.425329 -109.67030000000001

97.425329 -109.67030000000001
98.30453725925928 -109.7884440740741
99.09458107407407 -110.12184592592595
99.76393200000001 -110.63899

99.76393200000001 -110.63899
100.28107725925928 -111.3083425925926
100.61448340740742 -112.09838407407408
100.73263000000001 -112.97759

100.73263000000001 -112.97759
100.73263 -112.97759

107.74721 -118.03301
107.45685947521869 -118.84516131195339
106.98318131195336 -119.71027355685132
106.36662705539355 -120.55311705539357
105.64764825072888 -121.2984621282799
104.8666964431487 -121.87107909620991
104.06422317784256 -122.19573827988339
103.28067999999999 -122.19721

103.28067999999999 -122.19721
102.59061332361517 -121.83691644314872
102.04035067055392 -121.18286603498542
101.62801524781338 -120.31968274052475
101.35173026239067 -119.33199052478136
101.20961892128278 -118.30441335276967
101.19980443148688 -117.32157518950439
101.32041 -116.46809999999999

101.32041 -116.46809999999999
101.64320481481482 -115.6417940740741
102.15405518518519 -114.95305925925925
102.81487 -114.42505999999999

102.81487 -114.42505999999999
103.58757222222225 -114.08095777777777
104.43406777777777 -113.94393555555553
105.31627 -114.03715999999999

105.31627 -114.03715999999999
106.14256666666668 -114.35995962962963
106.83130333333332 -114.87081037037035
107.3593 -115.53162999999999

107.3593 -115.53162999999999
107.70340259259261 -116.30432925925926
107.8404274074074 -117.1508174074074
107.74721000000001 -118.03300999999999

107.74721000000001 -118.03300999999999
107.74721 -118.03301

91.771681 -119.93554
92.03551616326534 -120.75668483965016
92.18610720408164 -121.7314195335277
92.2097721632653 -122.77543148688045
92.09282908163266 -123.80440810495628
91.821596 -124.7340367930029
91.38239095918368 -125.48000495626823
90.761532 -125.958

90.761532 -125.958
89.99470001457729 -126.09204174927119
89.1600373819242 -125.90790419825072
88.30755308746355 -125.47388029154517
87.48725611661808 -124.85826297376094
86.74915545481049 -124.12934518950438
86.14326008746356 -123.35541988338193
85.719579 -122.60478

85.719579 -122.60478
85.4728767037037 -121.75265740740743
85.45911529629629 -120.89525925925926
85.66216899999999 -120.07415

85.66216899999999 -120.07415
86.0659192962963 -119.33086629629632
86.65423937037035 -118.70700037037037
87.41100899999999 -118.24411

87.41100899999999 -118.24411
88.26312748148149 -117.9974151851852
89.12052885185184 -117.98365148148147
89.94164799999999 -118.18671

89.94164799999999 -118.18671
90.68492655555555 -118.5904525925926
91.30878977777775 -119.17877074074073
91.77168099999999 -119.93554

91.77168099999999 -119.93554
91.771681 -119.93554

83.58693 -112.76685
83.905987122449 -113.56815396501462
84.12250510204082 -114.53039314868805
84.21710099999999 -115.57037991253642
84.17039187755103 -116.60492661807584
83.96299479591835 -117.55084562682217
83.57552681632653 -118.32494930029156
82.98860499999999 -118.84405000000001

82.98860499999999 -118.84405000000001
82.23266164139943 -119.02992212827992
81.38741053935858 -118.90296335276969
80.50738844023323 -118.52790807580175
79.647132090379 -117.96949069970849
78.86117823615159 -117.29244562682217
78.2040636239067 -116.56150725947525
77.730325 -115.84141000000001

77.730325 -115.84141000000001
77.42625503703702 -115.0080377777778
77.35422796296295 -114.15355888888888
77.500982 -113.32054000000001

77.500982 -113.32054000000001
77.85325944444445 -112.55152703703706
78.39779955555554 -111.88910296296297
79.12134499999999 -111.37583000000001

79.12134499999999 -111.37583000000001
79.95471844444442 -111.07176740740742
80.80920055555553 -110.9997425925926
81.64222399999998 -111.1465

81.64222399999998 -111.1465
82.41123414814814 -111.49876851851852
83.07365518518516 -112.04330814814814
83.58692999999998 -112.76685

83.58692999999998 -112.76685
83.58693 -112.76685

81.354401 -122.65296
81.6867027405248 -123.4488668804665
81.91914835276967 -124.40738565597667
82.03097799416908 -125.44566209912534
82.00143182215743 -126.4808419825073
81.80974999416908 -127.43007107871719
81.43517266763848 -128.21049516034986
80.85694 -128.73926

80.85694 -128.73926
80.10418299708456 -128.93764172011663
79.25694275218657 -128.82471702623906
78.37082198250728 -128.46430685131196
77.50142340524782 -127.9202321282799
76.70434973760932 -127.25631379008746
76.035203696793 -126.5363727696793
75.549588 -125.82423

75.549588 -125.82423
75.23174 -124.99601370370372
75.14555266666666 -124.14284629629628
75.278472 -123.30751

75.278472 -123.30751
75.61794781481481 -122.53276296296298
76.15142718518518 -121.86140037037035
76.866361 -121.33619999999999

76.866361 -121.33619999999999
77.69457825925926 -121.01835925925926
78.54774974074073 -120.93217407407406
79.383095 -121.06509999999999

79.383095 -121.06509999999999
80.15783833333333 -121.40456296296297
80.82919766666666 -121.93803703703702
81.354401 -122.65296

81.354401 -122.65296
81.354401 -122.65296

77.507973 -131.99961
77.78439058600586 -132.81660868804667
77.94993658600583 -133.78891746355683
77.98963557725946 -134.83244396501453
77.88851213702625 -135.8630958309038
77.63159084256561 -136.79678069970845
77.20389627113704 -137.54940620991255
76.59045300000001 -138.03688

76.59045300000001 -138.03688
75.8257706501458 -138.1826839358601
74.9883780787172 -138.01138944606416
74.12932743148689 -137.5905127988338
73.29967085422741 -136.98757026239068
72.55046049271138 -136.27007810495627
71.93274849271138 -135.50555259475217
71.49758700000001 -134.76151

71.49758700000001 -134.76151
71.23782440740743 -133.91327777777778
71.21089292592595 -133.05619222222222
71.40130700000002 -132.23206

71.40130700000002 -132.23206
71.79359207407408 -131.48266037037038
72.3722595925926 -130.84982962962962
73.12183000000002 -130.37537

73.12183000000002 -130.37537
73.97005829629632 -130.11561000000003
74.82714703703705 -130.08866999999998
75.65128800000002 -130.27907

75.65128800000002 -130.27907
76.40068085185189 -130.6713525925926
77.03350814814817 -131.2500174074074
77.50796900000002 -131.99957999999998

77.50796900000002 -131.99957999999998
77.507973 -131.99961

81.259493 -141.20924
81.45605385131199 -142.04903376093299
81.52731997376094 -143.03275580174926
81.4664730058309 -144.0752629737609
81.26669458600584 -145.0914121282799
80.92116635276969 -145.99606011661808
80.42306994460642 -146.70406379008745
79.76558700000001 -147.13028

79.76558700000001 -147.13028
78.99042614577263 -147.20186419825077
78.1733895947522 -146.95082664723034
77.35879936443149 -146.44928069970842
76.59097747230324 -145.76933970845482
75.91424593586007 -144.98311702623906
75.37292677259478 -144.1627260058309
75.01134200000001 -143.38028

75.01134200000001 -143.38028
74.83436259259261 -142.51099703703707
74.88998807407408 -141.65529629629629
75.15878400000001 -140.8533

75.15878400000001 -140.8533
75.62132418518522 -140.14510333333334
76.25817214814816 -139.57085999999998
77.04989900000001 -139.17068999999998

77.04989900000001 -139.17068999999998
77.91917770370372 -138.99371555555555
78.7748832962963 -139.0493411111111
79.57689 -139.31813999999997

79.57689 -139.31813999999997
80.2850812962963 -139.78067407407406
80.85932103703703 -140.41751925925922
81.259493 -141.20923999999997

81.259493 -141.20923999999997
81.259493 -141.20924

116.67555 -111.80666
116.231976851312 -112.54633918367348
115.59825827988337 -113.3021057142857
114.82877702623905 -114.00809306122447
113.97791583090381 -114.59843469387755
113.10005743440233 -115.00726408163264
112.24958457725947 -115.16871469387755
111.48088 -115.01692

111.48088 -115.01692
110.87460247813414 -114.52863323615162
110.46287819241984 -113.77960099125363
110.22731670553935 -112.85244676384838
110.14952758017495 -111.82979405247814
110.21112037900875 -110.79426635568514
110.39370466472305 -109.82848717201166
110.67889 -109.01508

110.67889 -109.01508
111.15704962962964 -108.26786259259259
111.79272703703703 -107.69233407407405
112.54404 -107.30377

112.54404 -107.30377
113.36912296296299 -107.11742296296298
114.22607037037035 -107.14858703703703
115.073 -107.41254

115.073 -107.41254
115.82021333333334 -107.89070259259262
116.39574666666667 -108.52638740740741
116.78432 -109.27771000000001

116.78432 -109.27771000000001
116.9706625925926 -110.10278370370374
116.93949407407405 -110.9597262962963
116.67554999999999 -111.80666000000001

116.67554999999999 -111.80666000000001
116.67555 -111.80666

113.53924 -125.22652
113.0747262682216 -125.95323323615162
112.41968524781342 -126.69059568513119
111.63035862973761 -127.37432145772593
110.76298810495626 -127.94012466472303
109.8738153644315 -128.32371941690963
109.01908209912537 -128.4608198250729
108.25503 -128.28714

108.25503 -128.28714
107.66294306122452 -127.78173714285717
107.27277448979592 -127.02125224489797
107.06378265306122 -126.08774938775508
107.01522591836735 -125.06329265306121
107.10636265306124 -124.02994612244899
107.31645122448981 -123.06977387755103
107.62475 -122.26483999999999

107.62475 -122.26483999999999
108.12405148148149 -121.53158555555557
108.7759085185185 -120.97444444444443
109.53801 -120.60749

109.53801 -120.60749
110.36807333333334 -120.44478259259259
111.22378333333333 -120.50040407407407
112.06284 -120.78843

112.06284 -120.78843
112.79608999999999 -121.28773666666669
113.35323333333332 -121.93959666666666
113.72018999999999 -122.70171

113.72018999999999 -122.70171
113.88289259259258 -123.5317703703704
113.82726407407407 -124.38747296296296
113.53923999999999 -125.22652000000001

113.53923999999999 -125.22652000000001
113.53924 -125.22652

122.86221 -120.19738
122.41117341107876 -120.9325382798834
121.76983851311955 -121.68185725947522
120.99325189504373 -122.38002457725945
120.13646014577262 -122.96172787172011
119.25450985422741 -123.3616547813411
118.40244760932946 -123.51449294460642
117.63532000000001 -123.35493

117.63532000000001 -123.35493
117.03401565597672 -122.86053244897963
116.62989177842567 -122.10737204081633
116.4037235276968 -121.1778814285714
116.33628606413997 -120.15449326530613
116.40835454810497 -119.11964020408163
116.60070413994171 -118.15575489795918
116.89411000000001 -117.34527

116.89411000000001 -117.34527
117.37980074074076 -116.60293259259261
118.02126925925927 -116.03386407407406
118.77648 -115.65292

118.77648 -115.65292
119.60340407407409 -115.4749340740741
120.45999259259258 -115.51477259259258
121.30421000000001 -115.78728

121.30421000000001 -115.78728
122.04654333333335 -116.27297777777778
122.61561666666667 -116.91444888888888
122.99657 -117.66966

122.99657 -117.66966
123.17455370370372 -118.49658148148148
123.13471296296295 -119.35316518518516
122.86221 -120.19738

122.86221 -120.19738
122.86221 -120.19738

120.97007 -131.48383
120.60609752186592 -132.26575982507293
120.05469588921282 -133.08352696793006
119.36307880466471 -133.865950787172
118.5784599708455 -134.54185064139944
117.74805309037902 -135.04004588921285
116.91907186588922 -135.28935588921286
116.13873000000001 -135.2186

116.13873000000001 -135.2186
115.48481081632657 -134.7962388338193
114.99717612244899 -134.0942559766764
114.66615734693877 -133.19674239067055
114.48208591836736 -132.1877890379009
114.43529326530614 -131.15148688046645
114.51611081632655 -130.1719268804665
114.71487 -129.3332

114.71487 -129.3332
115.11245222222223 -128.54016703703707
115.68460777777779 -127.90144962962961
116.39127 -127.43661

116.39127 -127.43661
117.19240666666668 -127.16519666666667
118.04793000000001 -127.10677666666666
118.91778000000001 -127.28091

118.91778000000001 -127.28091
119.71080629629633 -127.67850444444447
120.3495237037037 -128.25066555555557
120.81437000000001 -128.95734000000002

120.81437000000001 -128.95734000000002
121.08578777777781 -129.75846259259262
121.14420555555556 -130.61398074074077
120.97007 -131.48383

120.97007 -131.48383
120.97007 -131.48383

129.0876 -133.1993
128.7426310204082 -133.98979822157435
128.21115265306125 -134.820652303207
127.53864489795917 -135.61956137026235
126.77058775510206 -136.31422454810496
125.95246122448981 -136.83234096209912
125.12974530612247 -137.10160973760932
124.34792000000002 -137.04972999999998

124.34792000000002 -137.04972999999998
123.68398387755106 -136.64329580174928
123.17952653061228 -135.95330212827986
122.82691448979593 -135.06404950437312
122.61851428571431 -134.0598384548105
122.54669244897963 -133.02496950437316
122.6038155102041 -132.04374317784254
122.78225000000002 -131.20046

122.78225000000002 -131.20046
123.16055703703707 -130.39805148148147
123.71711296296297 -129.74569185185183
124.41234000000001 -129.26390999999998

124.41234000000001 -129.26390999999998
125.20667407407412 -128.97321074074074
126.0605325925926 -128.89413592592592
126.93434000000002 -129.04720999999998

126.93434000000002 -129.04720999999998
127.73674370370374 -129.42551481481482
128.38910296296297 -129.98206851851847
128.87088000000003 -130.67729999999997

128.87088000000003 -130.67729999999997
129.16158000000004 -131.47163407407405
129.24066000000002 -132.32549259259255
129.08760000000004 -133.19929999999997

129.08760000000004 -133.19929999999997
129.0876 -133.1993

129.10174 -143.90022
128.64627032069976 -144.63263475218662
128.0004188921283 -145.37806005830905
127.21962641399416 -146.07151749271134
126.35933358600586 -146.6480286297376
125.47498110787174 -147.04261504373176
124.6220096793003 -147.1902983090379
123.85586 -147.02609999999999

123.85586 -147.02609999999999
123.25755209912539 -146.52807556851315
122.85798781341109 -145.77248495626822
122.63744341107872 -144.84164361516034
122.57619516034987 -143.81786699708456
122.65451932944607 -142.78347055393584
122.85269218658894 -141.82076973760934
123.15099000000001 -141.01208

123.15099000000001 -141.01208
123.64116296296298 -140.27268962962964
124.28606037037036 -139.70751037037036
125.04356000000001 -139.33114

125.04356000000001 -139.33114
125.87154555555557 -139.158152962963
126.72787777777779 -139.2031637037037
127.57043000000002 -139.48077

127.57043000000002 -139.48077
128.30981592592596 -139.97094592592595
128.87499740740742 -140.61585074074074
129.25137 -141.37336000000002

129.25137 -141.37336000000002
129.42435481481482 -142.20133629629632
129.37934185185185 -143.0576637037037
129.10174 -143.90022000000002

129.10174 -143.90022000000002
129.10174 -143.90022

