147.74138 -175.15885
148.5967506583396 -175.64215446656652
149.44862766341092 -176.1330710217881
150.29675401483848 -176.63167667167542
151.1408727122464 -177.13804842223888
151.98072675525918 -177.6522632794891
152.8160591435011 -178.1743982494365
153.64661287659658 -178.70453033809167
154.47213095416976 -179.24273655146504
155.29235637584517 -179.7890938955672
156.10703214124715 -180.3436793764087
156.91590125 -180.90657
157.71870670172802 -181.47784277235164
158.5151914960556 -182.05757469947412
159.30509863260704 -182.64584278737792
160.08817111100674 -183.24272404207363
160.86415193087902 -183.84829546957175
161.63278409184824 -184.46263407588282
162.39381059353866 -185.0858168670173
163.14697443557475 -185.71792084898573
163.89201861758076 -186.35902302779863
164.62868613918107 -187.00920040946656
165.35672 -187.66853

165.35672 -187.66853
166.06716954949704 -188.3327516095641
166.7653040968071 -189.009614289255
167.45170564805363 -189.69840902609707
168.12695620935997 -190.39842680711476
168.79163778684944 -191.1089586193323
169.44633238664528 -191.82929544977404
170.09162201487092 -192.55872828546433
170.72808867764977 -193.2965481134276
171.35631438110514 -194.04204592068817
171.97688113136024 -194.7945126942703
172.59037093453856 -195.5532394211984
173.1973657967634 -196.31751708849686
173.79844772415802 -197.08663668318997
174.39419872284589 -197.8598891923021
174.98520079895027 -198.63656560285756
175.57203595859454 -199.41595690188075
176.15528620790204 -200.19735407639598
176.73553355299606 -200.9800481134276
177.31336 -201.76333

177.31336 -201.76333
177.90340127929687 -202.5553667114258
178.50259742187498 -203.34567416015622
179.10722250976562 -204.1357558178711
179.71355062499998 -204.92711515624998
180.31785584960937 -205.72125564697265
180.91641226562498 -206.51968076171875
181.50549395507812 -207.32389397216798
182.08137499999998 -208.13539874999998
182.64032948242186 -208.95569856689454
183.178631484375 -209.78629689453126
183.6925550878906 -210.62869720458983
184.17837437499998 -211.48440296875
184.6323634277344 -212.3549176586914
185.050796328125 -213.24174474609373
185.4299471582031 -214.14638770263673
185.76609 -215.07035

185.76609 -215.07035
186.08215816191995 -216.00589877055998
186.40667817535999 -216.95956419648002
186.73597613183998 -217.92939374911998
187.06637812287997 -218.91343489983996
187.39421024 -219.90973512000005
187.71579857472 -220.91634188096
188.02746921855996 -221.93130265407999
188.32554826303996 -222.95266491071996
188.60636179968 -223.97847612224
188.86623592 -225.00678376000002
189.10149671552 -226.03563529536
189.30847027776002 -227.06307819968
189.48348269823998 -228.08715994432
189.62286006847998 -229.10592800063998
189.72292848 -230.11742984
189.78001402432 -231.11971293375998
189.79044279296 -232.11082475327999
189.75054087743996 -233.08881276991997
189.65663436927997 -234.05172445503996
189.50504936000002 -234.99760728
189.29211194111997 -235.92450871615995
189.01414820416 -236.83047623487997
188.66748424063996 -237.71355730751998
188.24844614207998 -238.57179940543998
187.75336 -239.40324999999999

187.75336 -239.40324999999999
187.18582565749995 -240.17734708249995
186.55041546 -240.87543036
185.85227265249995 -241.50213637749994
185.09654048000004 -242.06210168000004
184.28836218749996 -242.55996281250003
183.43288101999994 -243.00035631999992
182.53524022249997 -243.38791874749995
181.60058304 -243.72728664
180.6340527175 -244.0230965425
179.64079249999998 -244.27998499999998
178.62594563250002 -244.5025885575
177.59465536 -244.69554376
176.55206492749997 -244.86348715249997
175.50331758 -245.01105528
174.4535565625 -245.1428846875
173.40792512000002 -245.26361192000002
172.37156649749997 -245.37787352249998
171.34962394 -245.49030604
170.34724069249998 -245.6055460175
169.36955999999998 -245.72823

169.36955999999998 -245.72823
168.36015164148145 -245.84434433481482
167.34722726518518 -245.9263377451852
166.33144792000002 -245.97600184000007
165.31347465481485 -245.9951282281482
164.2939685185185 -245.98550851851854
163.27359055999997 -245.94893432000003
162.25300182814814 -245.88719724148152
161.23286337185183 -245.80208889185184
160.21383623999998 -245.69540088000002
159.19658148148145 -245.56892481481478
158.18176014518514 -245.42445230518518
157.17003327999998 -245.26377496000003
156.1620619348148 -245.08868438814818
155.15850715851852 -244.90097219851853
154.16002999999998 -244.70243

154.16002999999998 -244.70243
153.18882191359998 -244.49571646783997
152.2214505248 -244.27355847872
151.25777793919997 -244.03666194367997
150.29766626239996 -243.78573277375995
149.3409776 -243.52147688000005
148.38757405759998 -243.24460017344
147.43731774079998 -242.95580856511998
146.49007075519998 -242.65580796607995
145.54569520639998 -242.34530428736002
144.60405319999998 -242.02500344
143.66500684160002 -241.69561133504004
142.72841823679997 -241.35783388352002
141.79414949120002 -241.01237699648001
140.86206271039998 -240.65994658495998
139.93201999999997 -240.30124856000003
139.00388346559998 -239.93698883264
138.0775152128 -239.56787331392002
137.15277734719996 -239.19460791487995
136.22953197439998 -238.81789854656
135.30764119999998 -238.43845112000002
134.38696712959995 -238.05697154623996
133.46737186879997 -237.67416573631996
132.54871752319997 -237.29073960127997
131.63086619839999 -236.90739905215997
130.71367999999998 -236.52485

130.71367999999998 -236.52485
129.77987241253643 -236.12871128644312
128.85111868804665 -235.72110314868812
127.92700166909619 -235.3030254482507
127.00710419825072 -234.8754780466472
126.09100911807575 -234.4394608053935
125.17829927113699 -233.9959735860058
124.26855749999999 -233.54601624999998
123.36136664723031 -233.09058865889216
122.45630955539357 -232.63069067419823
121.55296906705537 -232.1673221574344
120.65092802478134 -231.70148297011661
119.74976927113703 -231.23417297376093
118.84907564868803 -230.76639202988338
117.94842999999999 -230.29914

117.94842999999999 -230.29914
117.08364048583984 -229.81566827148438
116.23371794921874 -229.277998203125
115.39555514892577 -228.69803059570313
114.56604484374999 -228.08766624999996
113.74207979248045 -227.45880596679686
112.92055275390624 -226.823350546875
112.0983564868164 -226.1932007910156
111.27238374999999 -225.5802575
110.43952730224609 -224.99642147460938
109.59667990234374 -224.453593515625
108.74073430908203 -223.9636744238281
107.86858328124998 -223.538565
106.9771195776367 -223.19016604492185
106.06323595703122 -222.93037835937497
105.12382517822265 -222.7711027441406
104.15578 -222.72423999999998

104.15578 -222.72423999999998
103.18082873008649 -222.80764506144743
102.24054004187529 -223.02015646791077
101.33078715612197 -223.34558009103318
100.44744329358215 -223.76772180245786
99.58638167501138 -224.27038747382798
98.74347552116521 -224.83738297678653
97.91459805279928 -225.45251418297676
97.09562249066909 -226.09958696404186
96.28242205553026 -226.76240719162493
95.47086996813835 -227.42478073736908
94.65683944924896 -228.07051347291758
93.83620371961766 -228.6834112699135
93.004836 -229.24728

93.004836 -229.24728
92.1647257355957 -229.7945470800781
91.33447347851562 -230.357148671875
90.51241147045897 -230.93246030273437
89.69687195312498 -231.5178575
88.88618716821289 -232.11071579101562
88.07868935742188 -232.708410703125
87.27271076245117 -233.30831776367185
86.466583625 -233.9078125
85.65864018676757 -234.5042704394531
84.84721268945312 -235.095067109375
84.03063337475587 -235.67757803710936
83.207234484375 -236.24917875
82.37534826000976 -236.80724477539061
81.53330694335938 -237.349151640625
80.67944277612305 -237.87227487304688
79.812088 -238.37399

79.812088 -238.37399
78.9606139034845 -238.848723413034
78.10556528881762 -239.31994478349614
77.24680098410846 -239.78668949263735
76.3841798174661 -240.24799292170871
75.51756061699957 -240.70289045196097
74.64680221081791 -241.15041746464496
73.77176342703017 -241.58960934101174
72.89230309374544 -242.01950146231226
72.00828003907277 -242.4391292097974
71.11955309112116 -242.84752796471787
70.2259810779997 -243.24373310832482
69.32742282781747 -243.62678002186908
68.42373716868349 -243.9957040866015
67.51478292870681 -244.3495406837731
66.60041893599652 -244.68732519463475
65.68050401866161 -245.00809300043738
64.7548970048112 -245.31087948243186
63.82345672255431 -245.59472002186905
62.886042 -245.85864999999998

62.886042 -245.85864999999998
61.89952166030035 -246.1198512917335
60.90731136550518 -246.37203207902027
59.90990704417552 -246.61386615104237
58.907804624872426 -246.84402729698206
57.90150003615689 -247.0611893060213
56.89148920658989 -247.26402596734218
55.87826806473247 -247.4512110701268
54.86233253914565 -247.62141840355736
53.844178558390446 -247.7733217568159
52.82430205102784 -247.90559491908436
51.803198945618895 -248.0169116795451
50.7813651707246 -248.10594582738008
49.75929665490597 -248.17137115177138
48.73748932672402 -248.21186144190114
47.716439114739764 -248.22609048695142
46.69664194751422 -248.21273207610437
45.6785937536084 -248.17045999854207
44.66279046158333 -248.09794804344654
43.649728 -247.99387

43.649728 -247.99387
42.65662848126551 -247.87830913398454
41.64161682519319 -247.7620355372503
40.609828645137775 -247.64085165913394
39.566399554454 -247.51055994897212
38.51646516649658 -247.36696285610148
37.465161094620214 -247.20586282985855
36.41762295217961 -247.02306231958005
35.37898635252952 -246.81436377460267
34.35438690902465 -246.575569644263
33.34896023501968 -246.3024823778976
32.367841943869365 -245.99090442484325
31.41616764892842 -245.6366382344365
30.49907296355154 -245.23548625601398
29.62169350109346 -244.78325093891237
28.789164874908884 -244.27573473246827
28.006622698352533 -243.70874008601837
27.279202584779128 -243.07806944889924
26.612040147543375 -242.37952527044757
26.010271000000003 -241.60890999999998

26.010271000000003 -241.60890999999998
25.49099728096 -240.80447941183996
25.040071478080005 -239.97204315072
24.65421434272 -239.11350847167995
24.330146626239998 -238.23078262975994
24.064589080000008 -237.32577288000005
23.854262455360008 -236.40038647744
23.695887503680005 -235.45653067711999
23.58618497632 -234.49611273407996
23.521875624640007 -233.52103990335996
23.499680200000007 -232.53321944
23.516319453760005 -231.53455859904
23.568514137280005 -230.52696463552
23.652985001920005 -229.51234480447997
23.766452799040007 -228.49260636095997
23.905638280000005 -227.46965656
24.067262196160005 -226.44540265664
24.248045298880008 -225.42175190591996
24.444708339520005 -224.40061156288
24.65397206944 -223.38388888255997
24.872557240000006 -222.37349111999998
25.097184602560002 -221.37132553023997
25.324574908480002 -220.37929936831998
25.55144890912 -219.39931988927998
25.774527355840004 -218.43329434815996
25.990531000000004 -217.48313

25.990531000000004 -217.48313
26.224226907185024 -216.52714109912478
26.492378202116832 -215.58104301445138
26.792794597801752 -214.6445045552615
27.123285807246084 -213.7171945308365
27.48166154345614 -212.79878175045795
27.865731519438224 -211.8889350234072
28.273305448198666 -210.987323158966
28.702193042743747 -210.0936149664156
29.150204016079794 -209.2074792550376
29.615148081213114 -208.32858483411357
30.094834951150013 -207.45660051292487
30.58707433889681 -206.5911951007531
31.089675957459804 -205.7320374068797
31.600449519845313 -204.87879624058618
32.117204739059645 -204.03114041115407
32.637751328109104 -203.18873872786486
33.159899 -202.35126

33.159899 -202.35126
33.69463518229167 -201.51369950231478
34.245645208333336 -200.68548185185188
34.812737796875005 -199.86720531249998
35.395721666666674 -199.05946814814814
35.99440553645833 -198.26286862268515
36.608598125 -197.478005
37.23810815104167 -196.7054755439815
37.882744333333335 -195.9458785185185
38.542315390625006 -195.1998121875
39.216630041666676 -194.46787481481482
39.90549700520834 -193.75066466435183
40.60872500000001 -193.04878

40.60872500000001 -193.04878
41.320040723787926 -192.37049461937153
42.04612411003132 -191.7094089277616
42.785757052478154 -191.06409431486887
43.53772144487637 -190.43312217039193
44.30079918097398 -189.81506388402977
45.07377215451896 -189.20849084548104
45.85542225925927 -188.61197444444443
46.64453138894289 -188.02408607061872
47.43988143731779 -187.4433971137026
48.24025429813196 -186.8684789633949
49.04443186513336 -186.29790300939422
49.85119603206998 -185.73024064139943
50.65932869268978 -185.16406324910915
51.46761174074074 -184.5979422222222
52.274827069970854 -184.03044895043732
53.07975657412806 -183.4601548234532
53.88118214696037 -182.88563123096856
54.677885682215745 -182.3054495626822
55.46864907364216 -181.71818120829286
56.25225421498758 -181.1223975574992
57.027483000000004 -180.51667

57.027483000000004 -180.51667
57.80978346020508 -179.9229571557617
58.62168322851563 -179.35169162109378
59.456023011474606 -178.7972866430664
60.30564351562501 -178.25415546875
61.16338544750977 -177.71671134521486
62.02208951367187 -177.17936751953127
62.8745964206543 -176.63653723876956
63.713746875 -176.08263375
64.53238158325195 -175.512070300293
65.32334125195312 -174.91926013671875
66.0794665876465 -174.29861650634766
66.793598296875 -173.64455265625
67.45857708618163 -172.95148183349608
68.06724366210938 -172.21381728515624
68.61243873120118 -171.4259722583008
69.08700300000001 -170.58236

69.08700300000001 -170.58236
69.46796292592592 -169.68478908564813
69.73904982407407 -168.7572901851852
69.914912125 -167.80411406250002
70.01019825925927 -166.82951148148152
70.0395566574074 -165.8377332060185
70.01763575000001 -164.83303
69.9590839675926 -163.81965262731484
69.87854974074074 -162.80185185185184
69.7906815 -161.7838784375
69.71012767592595 -160.76998314814816
69.65153669907409 -159.76441674768517
69.629557 -158.77142999999998

69.629557 -158.77142999999998
69.6206588005 -157.79246965749996
69.59322990400001 -156.81347816000002
69.54976886349999 -155.83447730249995
69.49277423200002 -154.85548888000002
69.4247445625 -153.87653468749997
69.348178408 -152.89763651999993
69.26557432150001 -151.9188161725
69.17943085600001 -150.94009544
69.09224656450002 -149.96149611750002
69.00652000000001 -148.98303999999996
68.92474971550001 -148.0047488825
68.84943426400001 -147.02664456
68.78307219850001 -146.04874882749996
68.728162072 -145.07108347999997
68.6872024375 -144.0936703125
68.66269184800001 -143.11653112
68.6571288565 -142.13968769749997
68.673012016 -141.16316184
68.7128398795 -140.18697534249998
68.779111 -139.21114999999998

68.779111 -139.21114999999998
68.866084250375 -138.22958378624998
68.96534829300002 -137.24843779000003
69.07689306512499 -136.26795297874997
69.20070850400002 -135.28837032
69.336784546875 -134.30993078125
69.48511113099998 -133.33287532999992
69.645678193625 -132.35744493374997
69.81847567199999 -131.38388056
70.00349350337503 -130.41242317625
70.200721625 -129.44331375
70.410149974125 -128.47679324875
70.631768488 -127.51310263999999
70.865567103875 -126.55248289124998
71.11153575899999 -125.59517496999996
71.369664390625 -124.64141984374997
71.63994293600001 -123.69145847999998
71.922361332375 -122.74553184624996
72.216909517 -121.80388090999998
72.52357742712499 -120.86674663874997
72.842355 -119.93436999999997

72.842355 -119.93436999999997
73.18048039013672 -118.96907083984371
73.52372973046874 -118.00035296874998
73.8743949008789 -117.03047517578122
74.23476778124999 -116.06169624999995
74.60714025146484 -115.09627498046872
74.99380419140624 -114.13647015624997
75.39705148095703 -113.18454056640621
75.819174 -112.24274499999997
76.26246362841796 -111.31334224609373
76.72921224609375 -110.39859109374999
77.22171173291015 -109.50075033203123
77.74225396874999 -108.62207874999999
78.2931308334961 -107.76483513671872
78.87663420703124 -106.93127828124997
79.49505596923828 -106.12366697265622
80.150688 -105.34425999999998

80.150688 -105.34425999999998
80.81589194924999 -104.59480781624995
81.49813613400002 -103.83725924
82.19738760975 -103.07644723374995
82.91361343200003 -102.31720476
83.64678065625 -101.56436478124999
84.39685633799999 -100.82276025999995
85.16380753275 -100.09722415874998
85.947601296 -99.39258943999998
86.74820468325002 -98.71368906625001
87.56558475 -98.06535599999997
88.39970855175001 -97.45242320374999
89.25054314400002 -96.87972363999998
90.11805558225 -96.35209027124998
91.002212922 -95.87435605999998
91.90298221875 -95.45135396874997
92.82033052800001 -95.08791696
93.75422490525 -94.78887799624997
94.704632406 -94.55907003999998
95.67152008575 -94.40332605374998
96.654855 -94.32647899999998

96.654855 -94.32647899999998
97.62973504817806 -94.3302205583208
98.59212452592035 -94.40931797896316
99.54216656940271 -94.55934069862883
100.48000431480088 -94.7758581540195
101.40578089829074 -95.05443978183693
102.31963945604808 -95.39065501878285
103.2217231242487 -95.78007330155897
104.11217503906838 -96.218264066867
104.99113833668292 -96.70079675140866
105.8587561532682 -97.22324079188576
106.715171625 -97.78116562499999
107.5605278880541 -98.37014068745302
108.3949680786063 -98.98573541594664
109.21863533283243 -99.62351924718254
110.03167278690833 -100.27906161786248
110.83422357700977 -100.94793196468818
111.62643083931255 -101.62569972436137
112.40843770999248 -102.30793433358375
113.18038732522538 -102.9902052290571
113.94242282118707 -103.66808184748307
114.69468733405334 -104.33713362556347
115.43732399999999 -104.99292999999997

115.43732399999999 -104.99292999999997
116.19490549902342 -105.67911940673827
116.93185505468749 -106.38852900390621
117.6485365048828 -107.11988398193357
118.3453136875 -107.87190953124997
119.02255044042968 -108.64333084228511
119.68061060156249 -109.43287310546873
120.31985800878907 -110.23926151123044
120.94065649999999 -111.06122124999997
121.54336991308593 -111.897477512207
122.12836208593748 -112.74675548828122
122.6959968564453 -113.60778036865231
123.2466380625 -114.47927734374997
123.78064954199219 -115.35997160400387
124.29839513281249 -116.24858833984372
124.80023867285155 -117.14385274169919
125.28654399999999 -118.04448999999997

125.28654399999999 -118.04448999999997
125.75196651596546 -118.9429301061232
126.20064230954166 -119.84985068369642
126.63309784015776 -120.76482803061606
127.04985956724265 -121.68743844477831
127.45145395022536 -122.6172582240796
127.83840744853492 -123.5538636664162
128.21124652160032 -124.49683106968443
128.5704976288505 -125.44573673178057
128.91668722971448 -126.400156950601
129.25034178362128 -127.35966802404202
129.57198775 -128.32384624999997
129.88215158827947 -129.29226792637112
130.1813597578888 -130.2645093510518
130.47013871825692 -131.24014682193837
130.74901492881293 -132.21875663692708
131.01851484898572 -133.1999150939143
131.27916493820433 -134.18319849079637
131.5314916558978 -135.16818312546954
131.7760214614951 -136.1544452958302
132.01328081442523 -137.14156129977457
132.2437961741172 -138.12910743519907
132.46809399999998 -139.11665999999997

132.46809399999998 -139.11665999999997
132.67431845068356 -140.0930793359375
132.85761304296872 -141.07342328124997
133.020205262207 -142.05730136718748
133.16432259375 -143.04432312499998
133.29219252294922 -144.03409808593747
133.40604253515625 -145.02623578124997
133.50810011572264 -146.02034574218746
133.60059274999998 -147.01603749999998
133.68574792333982 -148.01292058593748
133.76579312109374 -149.01060453124995
133.84295582861324 -150.00869886718746
133.91946353125 -151.00681312499995
133.99754371435546 -152.00455683593748
134.07942386328125 -153.00153953124996
134.1673314633789 -153.99737074218746
134.26349399999998 -154.99165999999997

134.26349399999998 -154.99165999999997
134.33251163555553 -156.00261193481478
134.3454353511111 -157.0338952118518
134.31591336000002 -158.08046304
134.25759387555559 -159.13726862814818
134.18412511111111 -160.19926518518517
134.10915528 -161.26140592
134.04633259555555 -162.31864404148146
134.00930527111112 -163.36593275851848
134.01172151999998 -164.39822528
134.06722955555554 -165.4104748148148
134.18947759111109 -166.39763457185182
134.39211384 -167.35465775999998
134.68878651555556 -168.27649758814812
135.0931438311111 -169.15810726518518
135.618834 -169.99443999999997

135.618834 -169.99443999999997
136.26836031315432 -170.74460013199817
137.0150446235776 -171.36825655894398
137.84525191078743 -171.88386948111054
138.7453471543013 -172.30989909877098
139.7016953336368 -172.66480561219845
140.70066142831132 -172.96704922166586
141.7286104178425 -173.2350901274465
142.77190728174781 -173.48738852981333
143.81691699954482 -173.74240462903956
144.850004550751 -174.01859862539823
145.85753491488393 -174.33443071916247
146.82587307146105 -174.70836111060532
147.74138399999998 -175.15884999999997

147.74138399999998 -175.15884999999997
147.74138 -175.15885

